0 0.8194444444444444 0.3472222222222222 0.10833333333333334 0.08333333333333333
0 0.4444444444444444 0.35555555555555557 0.030555555555555555 0.05
0 0.45555555555555555 0.3888888888888889 0.03888888888888889 0.058333333333333334
0 0.7416666666666667 0.39166666666666666 0.027777777777777776 0.04722222222222222
0 0.9555555555555556 0.41944444444444445 0.06666666666666667 0.03333333333333333
0 0.6361111111111111 0.43333333333333335 0.044444444444444446 0.03333333333333333
0 0.9611111111111111 0.45 0.05555555555555555 0.030555555555555555
0 0.8111111111111111 0.4527777777777778 0.027777777777777776 0.044444444444444446
0 0.7777777777777778 0.45555555555555555 0.058333333333333334 0.041666666666666664
0 0.9861111111111112 0.4722222222222222 0.027777777777777776 0.04722222222222222
0 0.6722222222222223 0.48333333333333334 0.03611111111111111 0.03333333333333333
0 0.6222222222222222 0.4861111111111111 0.03611111111111111 0.04722222222222222
0 0.725 0.4888888888888889 0.041666666666666664 0.041666666666666664
0 0.8222222222222222 0.26666666666666666 0.2111111111111111 0.09444444444444444