0 0.6472222222222223 0.3416666666666667 0.17222222222222222 0.09166666666666666
0 0.39444444444444443 0.3416666666666667 0.05 0.044444444444444446
0 0.5611111111111111 0.35 0.04722222222222222 0.05555555555555555
0 0.6472222222222223 0.4 0.03611111111111111 0.041666666666666664
0 0.49722222222222223 0.40555555555555556 0.041666666666666664 0.041666666666666664
0 0.6777777777777778 0.41388888888888886 0.022222222222222223 0.030555555555555555
0 0.8138888888888889 0.42777777777777776 0.075 0.04722222222222222
0 0.8944444444444445 0.44722222222222224 0.08888888888888889 0.041666666666666664
0 0.8722222222222222 0.44722222222222224 0.10277777777777777 0.044444444444444446
0 0.5027777777777778 0.44722222222222224 0.04722222222222222 0.03333333333333333
0 0.8138888888888889 0.475 0.04722222222222222 0.03611111111111111
0 0.7861111111111111 0.475 0.044444444444444446 0.041666666666666664
0 0.8833333333333333 0.4777777777777778 0.030555555555555555 0.027777777777777776
0 0.6222222222222222 0.5166666666666667 0.058333333333333334 0.03611111111111111
0 0.49166666666666664 0.25555555555555554 0.058333333333333334 0.06666666666666667