0 0.6305555555555555 0.3416666666666667 0.16666666666666666 0.08888888888888889
0 0.3972222222222222 0.3416666666666667 0.04722222222222222 0.03888888888888889
0 0.5583333333333333 0.3611111111111111 0.05 0.044444444444444446
0 0.6444444444444445 0.3972222222222222 0.030555555555555555 0.044444444444444446
0 0.49444444444444446 0.4 0.044444444444444446 0.041666666666666664
0 0.6777777777777778 0.4111111111111111 0.022222222222222223 0.025
0 0.8111111111111111 0.42777777777777776 0.075 0.05
0 0.5027777777777778 0.4388888888888889 0.041666666666666664 0.03888888888888889
0 0.8777777777777778 0.44166666666666665 0.1 0.03888888888888889
0 0.8888888888888888 0.4444444444444444 0.08888888888888889 0.03888888888888889
0 0.7861111111111111 0.4722222222222222 0.03333333333333333 0.041666666666666664
0 0.8833333333333333 0.475 0.041666666666666664 0.030555555555555555
0 0.8138888888888889 0.4777777777777778 0.03888888888888889 0.03333333333333333
0 0.6222222222222222 0.5166666666666667 0.05277777777777778 0.03611111111111111
0 0.4888888888888889 0.25277777777777777 0.06944444444444445 0.06666666666666667