0 0.8638888888888889 0.3333333333333333 0.13055555555555556 0.08611111111111111
0 0.4361111111111111 0.3416666666666667 0.027777777777777776 0.05555555555555555
0 0.46944444444444444 0.3638888888888889 0.041666666666666664 0.075
0 0.7472222222222222 0.3888888888888889 0.025 0.04722222222222222
0 0.9722222222222222 0.4166666666666667 0.05 0.030555555555555555
0 0.6444444444444445 0.43333333333333335 0.03333333333333333 0.030555555555555555
0 0.975 0.44722222222222224 0.044444444444444446 0.030555555555555555
0 0.7861111111111111 0.4527777777777778 0.03611111111111111 0.041666666666666664
0 0.7944444444444444 0.4527777777777778 0.05 0.05277777777777778
0 0.9916666666666667 0.4722222222222222 0.016666666666666666 0.03888888888888889
0 0.6222222222222222 0.48055555555555557 0.027777777777777776 0.03333333333333333
0 0.7222222222222222 0.48055555555555557 0.025 0.03611111111111111
0 0.6833333333333333 0.48333333333333334 0.027777777777777776 0.03611111111111111
0 0.6138888888888889 0.4888888888888889 0.03611111111111111 0.03611111111111111
0 0.9027777777777778 0.25555555555555554 0.19444444444444445 0.06944444444444445