0 0.8722222222222222 0.36666666666666664 0.058333333333333334 0.030555555555555555
0 0.9916666666666667 0.36944444444444446 0.013888888888888888 0.03611111111111111
0 0.8638888888888889 0.39166666666666666 0.058333333333333334 0.030555555555555555
0 0.6416666666666667 0.3972222222222222 0.025 0.027777777777777776
0 0.9666666666666667 0.4111111111111111 0.06388888888888888 0.030555555555555555
0 0.7111111111111111 0.4111111111111111 0.041666666666666664 0.027777777777777776
0 0.4777777777777778 0.42777777777777776 0.022222222222222223 0.025
0 0.975 0.4305555555555556 0.044444444444444446 0.027777777777777776
0 0.8388888888888889 0.43333333333333335 0.05 0.025
0 0.7916666666666666 0.44166666666666665 0.06388888888888888 0.03888888888888889
0 0.8888888888888888 0.45 0.09722222222222222 0.03888888888888889