0 0.38333333333333336 0.32222222222222224 0.06111111111111111 0.041666666666666664
0 0.9833333333333333 0.34444444444444444 0.027777777777777776 0.06388888888888888
0 0.8333333333333334 0.3472222222222222 0.1111111111111111 0.11388888888888889
0 0.375 0.3611111111111111 0.04722222222222222 0.05
0 0.9277777777777778 0.4111111111111111 0.09444444444444444 0.044444444444444446
0 0.31666666666666665 0.4166666666666667 0.013888888888888888 0.025
0 0.5888888888888889 0.42777777777777776 0.022222222222222223 0.03888888888888889
0 0.4388888888888889 0.4305555555555556 0.041666666666666664 0.030555555555555555
0 0.6972222222222222 0.44722222222222224 0.06666666666666667 0.03333333333333333
0 0.9027777777777778 0.44722222222222224 0.06666666666666667 0.03611111111111111
0 0.7027777777777777 0.45 0.030555555555555555 0.03888888888888889