0 0.4722222222222222 0.3527777777777778 0.044444444444444446 0.08888888888888889
0 0.4444444444444444 0.3333333333333333 0.025 0.05555555555555555
0 0.8722222222222222 0.3277777777777778 0.125 0.08611111111111111
0 0.9805555555555555 0.4222222222222222 0.03888888888888889 0.030555555555555555
0 0.9777777777777777 0.45555555555555555 0.03888888888888889 0.022222222222222223
0 0.7444444444444445 0.39166666666666666 0.022222222222222223 0.03888888888888889
0 0.7166666666666667 0.48055555555555557 0.030555555555555555 0.041666666666666664
0 0.6138888888888889 0.49166666666666664 0.03888888888888889 0.03888888888888889
0 0.6527777777777778 0.4388888888888889 0.03888888888888889 0.030555555555555555
0 0.6361111111111111 0.4777777777777778 0.03888888888888889 0.030555555555555555
0 0.7972222222222223 0.46111111111111114 0.03888888888888889 0.041666666666666664
0 0.8027777777777778 0.4666666666666667 0.041666666666666664 0.03888888888888889
0 0.9194444444444444 0.25555555555555554 0.15833333333333333 0.07222222222222222