0 0.4361111111111111 0.29444444444444445 0.03333333333333333 0.05555555555555555
0 0.9444444444444444 0.34444444444444444 0.1111111111111111 0.11666666666666667
0 0.45 0.3527777777777778 0.06666666666666667 0.058333333333333334
0 0.44722222222222224 0.3611111111111111 0.125 0.044444444444444446
0 0.3333333333333333 0.38333333333333336 0.030555555555555555 0.05
0 0.9888888888888889 0.40555555555555556 0.019444444444444445 0.03611111111111111
0 0.6111111111111112 0.4166666666666667 0.03611111111111111 0.03888888888888889
0 0.9666666666666667 0.4388888888888889 0.06388888888888888 0.041666666666666664
0 0.4888888888888889 0.4388888888888889 0.03888888888888889 0.03888888888888889
0 0.7277777777777777 0.44166666666666665 0.03333333333333333 0.041666666666666664
0 0.7583333333333333 0.45 0.05555555555555555 0.03611111111111111