0 0.3972222222222222 0.3333333333333333 0.03333333333333333 0.05
0 0.6888888888888889 0.3416666666666667 0.18333333333333332 0.09166666666666666
0 0.575 0.34444444444444444 0.05 0.058333333333333334
0 0.6555555555555556 0.3972222222222222 0.03333333333333333 0.04722222222222222
0 0.49444444444444446 0.4 0.03333333333333333 0.03611111111111111
0 0.6805555555555556 0.4166666666666667 0.019444444444444445 0.027777777777777776
0 0.8388888888888889 0.42777777777777776 0.08888888888888889 0.058333333333333334
0 0.775 0.4361111111111111 0.03333333333333333 0.03611111111111111
0 0.4861111111111111 0.4444444444444444 0.05277777777777778 0.03611111111111111
0 0.8944444444444445 0.4527777777777778 0.09722222222222222 0.05555555555555555
0 0.9055555555555556 0.45555555555555555 0.06944444444444445 0.06388888888888888
0 0.6333333333333333 0.4666666666666667 0.08611111111111111 0.041666666666666664
0 0.7916666666666666 0.4722222222222222 0.03333333333333333 0.03611111111111111
0 0.825 0.48055555555555557 0.04722222222222222 0.03611111111111111
0 0.5083333333333333 0.24722222222222223 0.04722222222222222 0.05555555555555555
0 0.6305555555555555 0.5166666666666667 0.06111111111111111 0.03333333333333333