0 0.4 0.33611111111111114 0.05 0.044444444444444446
0 0.6833333333333333 0.3416666666666667 0.18333333333333332 0.09166666666666666
0 0.5777777777777777 0.3472222222222222 0.05 0.06111111111111111
0 0.6583333333333333 0.3972222222222222 0.041666666666666664 0.044444444444444446
0 0.49444444444444446 0.4 0.03611111111111111 0.03333333333333333
0 0.6805555555555556 0.4166666666666667 0.025 0.030555555555555555
0 0.8305555555555556 0.42777777777777776 0.08611111111111111 0.058333333333333334
0 0.4888888888888889 0.4388888888888889 0.05277777777777778 0.041666666666666664
0 0.8944444444444445 0.4444444444444444 0.09444444444444444 0.04722222222222222
0 0.8888888888888888 0.45 0.09444444444444444 0.05277777777777778
0 0.625 0.4638888888888889 0.08888888888888889 0.03888888888888889
0 0.8888888888888888 0.46944444444444444 0.03611111111111111 0.03611111111111111
0 0.7861111111111111 0.475 0.027777777777777776 0.041666666666666664
0 0.8222222222222222 0.475 0.03333333333333333 0.030555555555555555
0 0.5111111111111111 0.24722222222222223 0.05 0.05555555555555555
0 0.625 0.5166666666666667 0.06388888888888888 0.03333333333333333