0 0.3638888888888889 0.2361111111111111 0.09166666666666666 0.03333333333333333
0 0.8083333333333333 0.2777777777777778 0.21944444444444444 0.11388888888888889
0 0.7972222222222223 0.3527777777777778 0.09166666666666666 0.08055555555555556
0 0.9472222222222222 0.41944444444444445 0.075 0.03333333333333333
0 0.9527777777777777 0.44722222222222224 0.06111111111111111 0.030555555555555555
0 0.4527777777777778 0.3527777777777778 0.03888888888888889 0.05277777777777778
0 0.45 0.4 0.03611111111111111 0.05277777777777778
0 0.7694444444444445 0.4527777777777778 0.05555555555555555 0.044444444444444446
0 0.6333333333333333 0.43333333333333335 0.04722222222222222 0.03611111111111111
0 0.6722222222222223 0.4888888888888889 0.041666666666666664 0.030555555555555555
0 0.8166666666666667 0.46111111111111114 0.03333333333333333 0.03888888888888889
0 0.9805555555555555 0.4666666666666667 0.03888888888888889 0.03888888888888889
0 0.6166666666666667 0.48333333333333334 0.025 0.05
0 0.7444444444444445 0.39166666666666666 0.025 0.03888888888888889
0 0.7361111111111112 0.5 0.025 0.030555555555555555