0 0.85 0.3416666666666667 0.1361111111111111 0.08333333333333333
0 0.4361111111111111 0.3416666666666667 0.027777777777777776 0.05277777777777778
0 0.4638888888888889 0.37777777777777777 0.05277777777777778 0.075
0 0.7444444444444445 0.3888888888888889 0.022222222222222223 0.03888888888888889
0 0.9666666666666667 0.4222222222222222 0.06111111111111111 0.030555555555555555
0 0.6416666666666667 0.43333333333333335 0.041666666666666664 0.030555555555555555
0 0.9722222222222222 0.44722222222222224 0.05 0.030555555555555555
0 0.7944444444444444 0.4527777777777778 0.04722222222222222 0.041666666666666664
0 0.7833333333333333 0.45555555555555555 0.03611111111111111 0.044444444444444446
0 0.9888888888888889 0.4722222222222222 0.022222222222222223 0.041666666666666664
0 0.6222222222222222 0.4777777777777778 0.027777777777777776 0.03333333333333333
0 0.725 0.4888888888888889 0.027777777777777776 0.041666666666666664
0 0.6805555555555556 0.4888888888888889 0.03333333333333333 0.03888888888888889
0 0.8833333333333333 0.2638888888888889 0.23333333333333334 0.08611111111111111