0 0.43333333333333335 0.29444444444444445 0.03888888888888889 0.058333333333333334
0 0.9472222222222222 0.34444444444444444 0.10277777777777777 0.11666666666666667
0 0.45555555555555555 0.3472222222222222 0.06944444444444445 0.06666666666666667
0 0.45 0.3638888888888889 0.1361111111111111 0.05555555555555555
0 0.3388888888888889 0.38333333333333336 0.03611111111111111 0.058333333333333334
0 0.9916666666666667 0.40555555555555556 0.013888888888888888 0.03333333333333333
0 0.6111111111111112 0.4111111111111111 0.03888888888888889 0.05
0 0.7333333333333333 0.4388888888888889 0.03611111111111111 0.041666666666666664
0 0.9694444444444444 0.4388888888888889 0.058333333333333334 0.044444444444444446
0 0.49444444444444446 0.44166666666666665 0.03611111111111111 0.041666666666666664
0 0.7666666666666667 0.44722222222222224 0.05277777777777778 0.03333333333333333