0 0.8666666666666667 0.3277777777777778 0.13055555555555556 0.08611111111111111
0 0.4388888888888889 0.3388888888888889 0.019444444444444445 0.06388888888888888
0 0.4666666666666667 0.36666666666666664 0.041666666666666664 0.07222222222222222
0 0.7444444444444445 0.3888888888888889 0.019444444444444445 0.03888888888888889
0 0.975 0.41944444444444445 0.04722222222222222 0.030555555555555555
0 0.6444444444444445 0.43333333333333335 0.03333333333333333 0.027777777777777776
0 0.975 0.44722222222222224 0.044444444444444446 0.027777777777777776
0 0.7861111111111111 0.4527777777777778 0.03611111111111111 0.041666666666666664
0 0.7944444444444444 0.45555555555555555 0.03888888888888889 0.041666666666666664
0 0.6277777777777778 0.475 0.030555555555555555 0.041666666666666664
0 0.7194444444444444 0.4777777777777778 0.027777777777777776 0.044444444444444446
0 0.6833333333333333 0.48333333333333334 0.030555555555555555 0.03333333333333333
0 0.6222222222222222 0.4888888888888889 0.041666666666666664 0.041666666666666664
0 0.9083333333333333 0.25277777777777777 0.18333333333333332 0.06666666666666667