0 0.5166666666666667 0.32222222222222224 0.05 0.1
0 0.9694444444444444 0.2972222222222222 0.058333333333333334 0.08333333333333333
0 0.8416666666666667 0.4527777777777778 0.06666666666666667 0.05555555555555555
0 0.6388888888888888 0.4638888888888889 0.016666666666666666 0.03611111111111111
0 0.6583333333333333 0.4722222222222222 0.027777777777777776 0.030555555555555555
0 0.775 0.44722222222222224 0.03611111111111111 0.03888888888888889
0 0.6527777777777778 0.49444444444444446 0.06111111111111111 0.041666666666666664
0 0.6805555555555556 0.44722222222222224 0.04722222222222222 0.058333333333333334
0 0.46111111111111114 0.3111111111111111 0.044444444444444446 0.06666666666666667
0 0.7388888888888889 0.45555555555555555 0.025 0.03888888888888889
0 0.75 0.38333333333333336 0.022222222222222223 0.03333333333333333