0 0.4111111111111111 0.3277777777777778 0.03333333333333333 0.05
0 0.7166666666666667 0.33055555555555555 0.16944444444444445 0.09444444444444444
0 0.5861111111111111 0.3388888888888889 0.044444444444444446 0.058333333333333334
0 0.6722222222222223 0.39444444444444443 0.05 0.044444444444444446
0 0.49444444444444446 0.40555555555555556 0.03611111111111111 0.027777777777777776
0 0.8666666666666667 0.4305555555555556 0.10277777777777777 0.05
0 0.4777777777777778 0.4388888888888889 0.05277777777777778 0.044444444444444446
0 0.7888888888888889 0.4444444444444444 0.05277777777777778 0.03888888888888889
0 0.9305555555555556 0.45555555555555555 0.10277777777777777 0.058333333333333334
0 0.925 0.4583333333333333 0.1111111111111111 0.058333333333333334
0 0.65 0.4638888888888889 0.09166666666666666 0.044444444444444446
0 0.7944444444444444 0.475 0.03333333333333333 0.03333333333333333
0 0.8416666666666667 0.4777777777777778 0.05555555555555555 0.030555555555555555
0 0.9 0.48055555555555557 0.04722222222222222 0.030555555555555555
0 0.5305555555555556 0.24444444444444444 0.075 0.05
0 0.6472222222222223 0.5194444444444445 0.05555555555555555 0.030555555555555555