0 0.7333333333333333 0.2722222222222222 0.15 0.10555555555555556
0 0.7944444444444444 0.35555555555555557 0.1 0.07222222222222222
0 0.4527777777777778 0.3611111111111111 0.05277777777777778 0.05555555555555555
0 0.7472222222222222 0.39166666666666666 0.03333333333333333 0.04722222222222222
0 0.4527777777777778 0.3972222222222222 0.030555555555555555 0.06111111111111111
0 0.9305555555555556 0.41944444444444445 0.07222222222222222 0.03888888888888889
0 0.625 0.43333333333333335 0.05 0.041666666666666664
0 0.6833333333333333 0.44722222222222224 0.03611111111111111 0.027777777777777776
0 0.9416666666666667 0.45 0.07222222222222222 0.03611111111111111
0 0.8277777777777777 0.4583333333333333 0.041666666666666664 0.044444444444444446
0 0.40555555555555556 0.24444444444444444 0.09166666666666666 0.04722222222222222
0 0.975 0.46944444444444444 0.044444444444444446 0.041666666666666664
0 0.7361111111111112 0.5 0.027777777777777776 0.03888888888888889