0 0.4111111111111111 0.3 0.075 0.06388888888888888
0 0.9027777777777778 0.34444444444444444 0.14444444444444443 0.1111111111111111
0 0.9611111111111111 0.40555555555555556 0.075 0.044444444444444446
0 0.9416666666666667 0.44166666666666665 0.07777777777777778 0.041666666666666664
0 0.4 0.35555555555555557 0.05555555555555555 0.05555555555555555
0 0.7138888888888889 0.4444444444444444 0.06666666666666667 0.03888888888888889
0 0.7166666666666667 0.44722222222222224 0.030555555555555555 0.044444444444444446
0 0.3194444444444444 0.4027777777777778 0.027777777777777776 0.03333333333333333
0 0.37222222222222223 0.36666666666666664 0.06944444444444445 0.05277777777777778
0 0.4777777777777778 0.42777777777777776 0.044444444444444446 0.03611111111111111
0 0.5944444444444444 0.4222222222222222 0.025 0.03888888888888889