0 0.425 0.29444444444444445 0.03333333333333333 0.07222222222222222
0 0.6083333333333333 0.3138888888888889 0.03888888888888889 0.08055555555555556
0 0.8111111111111111 0.3277777777777778 0.2111111111111111 0.1
0 0.5777777777777777 0.23055555555555557 0.09166666666666666 0.025
0 0.6777777777777778 0.37777777777777777 0.03611111111111111 0.06111111111111111
0 0.5055555555555555 0.39166666666666666 0.019444444444444445 0.03888888888888889
0 0.8861111111111111 0.41944444444444445 0.09444444444444444 0.058333333333333334
0 0.4638888888888889 0.425 0.06666666666666667 0.05277777777777778
0 0.8277777777777777 0.4388888888888889 0.07222222222222222 0.03888888888888889
0 0.9472222222222222 0.45 0.1 0.05277777777777778
0 0.675 0.46111111111111114 0.06388888888888888 0.05
0 0.8111111111111111 0.475 0.03611111111111111 0.03611111111111111
0 0.8666666666666667 0.4777777777777778 0.08055555555555556 0.041666666666666664
0 0.9 0.48333333333333334 0.03888888888888889 0.030555555555555555
0 0.6638888888888889 0.5166666666666667 0.04722222222222222 0.030555555555555555