0 0.6 0.34444444444444444 0.1527777777777778 0.08333333333333333
0 0.37777777777777777 0.35555555555555557 0.03333333333333333 0.044444444444444446
0 0.5472222222222223 0.36666666666666664 0.06666666666666667 0.044444444444444446
0 0.65 0.3972222222222222 0.041666666666666664 0.041666666666666664
0 0.48055555555555557 0.40555555555555556 0.03333333333333333 0.03333333333333333
0 0.675 0.41388888888888886 0.016666666666666666 0.027777777777777776
0 0.8027777777777778 0.4305555555555556 0.075 0.044444444444444446
0 0.8777777777777778 0.4388888888888889 0.09722222222222222 0.041666666666666664
0 0.8611111111111112 0.4444444444444444 0.1 0.041666666666666664
0 0.8777777777777778 0.475 0.041666666666666664 0.027777777777777776
0 0.7777777777777778 0.4777777777777778 0.041666666666666664 0.030555555555555555
0 0.6055555555555555 0.5138888888888888 0.05277777777777778 0.03333333333333333
0 0.4861111111111111 0.2638888888888889 0.06388888888888888 0.06944444444444445