0 0.8305555555555556 0.35 0.11666666666666667 0.08888888888888889
0 0.44166666666666665 0.35555555555555557 0.022222222222222223 0.044444444444444446
0 0.4583333333333333 0.3861111111111111 0.044444444444444446 0.06944444444444445
0 0.7444444444444445 0.39444444444444443 0.025 0.03888888888888889
0 0.9583333333333334 0.41944444444444445 0.06666666666666667 0.03611111111111111
0 0.6416666666666667 0.43333333333333335 0.044444444444444446 0.041666666666666664
0 0.9638888888888889 0.45 0.05277777777777778 0.027777777777777776
0 0.7722222222222223 0.4527777777777778 0.041666666666666664 0.03611111111111111
0 0.8083333333333333 0.45555555555555555 0.03333333333333333 0.041666666666666664
0 0.9875 0.4708333333333333 0.025 0.041666666666666664
0 0.6222222222222222 0.48333333333333334 0.03611111111111111 0.044444444444444446
0 0.675 0.48333333333333334 0.03888888888888889 0.03333333333333333
0 0.7222222222222222 0.4861111111111111 0.03611111111111111 0.05277777777777778
0 0.8361111111111111 0.26666666666666666 0.21944444444444444 0.09166666666666666