0 0.4166666666666667 0.30277777777777776 0.03333333333333333 0.06666666666666667
0 0.5972222222222222 0.3277777777777778 0.03333333333333333 0.06111111111111111
0 0.775 0.33055555555555555 0.19444444444444445 0.10555555555555556
0 0.5416666666666666 0.2361111111111111 0.06388888888888888 0.030555555555555555
0 0.6694444444444444 0.3888888888888889 0.03888888888888889 0.04722222222222222
0 0.5027777777777778 0.39444444444444443 0.022222222222222223 0.041666666666666664
0 0.8694444444444445 0.42777777777777776 0.09166666666666666 0.058333333333333334
0 0.4722222222222222 0.425 0.05555555555555555 0.05
0 0.9444444444444444 0.45 0.10833333333333334 0.05
0 0.9430555555555555 0.45 0.11388888888888889 0.05
0 0.6666666666666666 0.4583333333333333 0.06111111111111111 0.041666666666666664
0 0.8111111111111111 0.4777777777777778 0.03611111111111111 0.03888888888888889
0 0.8527777777777777 0.4777777777777778 0.1 0.041666666666666664
0 0.9027777777777778 0.48333333333333334 0.05 0.030555555555555555
0 0.6611111111111111 0.5194444444444445 0.06111111111111111 0.041666666666666664