0 0.8777777777777778 0.3277777777777778 0.11944444444444445 0.09444444444444444
0 0.9277777777777778 0.25277777777777777 0.14444444444444443 0.06666666666666667
0 0.44166666666666665 0.3333333333333333 0.025 0.058333333333333334
0 0.4722222222222222 0.35555555555555557 0.044444444444444446 0.08333333333333333
0 0.7083333333333334 0.4777777777777778 0.041666666666666664 0.044444444444444446
0 0.7444444444444445 0.3888888888888889 0.025 0.044444444444444446
0 0.9805555555555555 0.425 0.03611111111111111 0.027777777777777776
0 0.9805555555555555 0.45555555555555555 0.03888888888888889 0.025
0 0.8027777777777778 0.46111111111111114 0.05277777777777778 0.05
0 0.6555555555555556 0.4388888888888889 0.041666666666666664 0.03611111111111111
0 0.6277777777777778 0.49722222222222223 0.05277777777777778 0.03611111111111111
0 0.6333333333333333 0.475 0.044444444444444446 0.030555555555555555
0 0.7916666666666666 0.46111111111111114 0.041666666666666664 0.041666666666666664