0 0.7638888888888888 0.275 0.175 0.1111111111111111
0 0.4527777777777778 0.35555555555555557 0.05555555555555555 0.06666666666666667
0 0.7944444444444444 0.35833333333333334 0.09722222222222222 0.06666666666666667
0 0.7444444444444445 0.39166666666666666 0.022222222222222223 0.05
0 0.4527777777777778 0.39444444444444443 0.03333333333333333 0.06388888888888888
0 0.9416666666666667 0.4222222222222222 0.08055555555555556 0.03611111111111111
0 0.6305555555555555 0.4361111111111111 0.05277777777777778 0.03611111111111111
0 0.3888888888888889 0.24166666666666667 0.09722222222222222 0.041666666666666664
0 0.9472222222222222 0.44722222222222224 0.07222222222222222 0.03611111111111111
0 0.7611111111111111 0.45555555555555555 0.05 0.041666666666666664
0 0.8194444444444444 0.46111111111111114 0.03333333333333333 0.04722222222222222
0 0.9777777777777777 0.4666666666666667 0.041666666666666664 0.041666666666666664
0 0.6694444444444444 0.48333333333333334 0.05 0.03888888888888889
0 0.7333333333333333 0.5 0.022222222222222223 0.03333333333333333