0 0.75 0.275 0.15833333333333333 0.10833333333333334
0 0.7944444444444444 0.35833333333333334 0.09444444444444444 0.06944444444444445
0 0.4527777777777778 0.36666666666666664 0.058333333333333334 0.058333333333333334
0 0.7472222222222222 0.39166666666666666 0.030555555555555555 0.04722222222222222
0 0.4527777777777778 0.3972222222222222 0.030555555555555555 0.06388888888888888
0 0.9361111111111111 0.4222222222222222 0.075 0.03611111111111111
0 0.6277777777777778 0.4361111111111111 0.04722222222222222 0.03611111111111111
0 0.9472222222222222 0.45 0.075 0.030555555555555555
0 0.7583333333333333 0.4527777777777778 0.05 0.05
0 0.8222222222222222 0.46111111111111114 0.03611111111111111 0.05555555555555555
0 0.3972222222222222 0.24166666666666667 0.09166666666666666 0.044444444444444446
0 0.975 0.46944444444444444 0.044444444444444446 0.041666666666666664
0 0.7333333333333333 0.5 0.022222222222222223 0.03888888888888889