0 0.9333333333333333 0.30833333333333335 0.12777777777777777 0.1
0 0.4444444444444444 0.3194444444444444 0.03333333333333333 0.07222222222222222
0 0.5055555555555555 0.3416666666666667 0.07222222222222222 0.08055555555555556
0 0.75 0.38055555555555554 0.030555555555555555 0.05277777777777778
0 0.9861111111111112 0.2388888888888889 0.027777777777777776 0.03611111111111111
0 0.9861111111111112 0.4388888888888889 0.025 0.05
0 0.7833333333333333 0.4444444444444444 0.03333333333333333 0.04722222222222222
0 0.8166666666666667 0.46111111111111114 0.06944444444444445 0.041666666666666664
0 0.7027777777777777 0.46111111111111114 0.041666666666666664 0.06388888888888888
0 0.6333333333333333 0.475 0.03333333333333333 0.030555555555555555
0 0.6361111111111111 0.4888888888888889 0.058333333333333334 0.03333333333333333