0 0.5 0.3416666666666667 0.058333333333333334 0.09166666666666666
0 0.44166666666666665 0.3277777777777778 0.03611111111111111 0.06111111111111111
0 0.9194444444444444 0.3055555555555556 0.14166666666666666 0.10555555555555556
0 0.7 0.4666666666666667 0.05 0.05555555555555555
0 0.8111111111111111 0.46111111111111114 0.058333333333333334 0.044444444444444446
0 0.7833333333333333 0.44722222222222224 0.025 0.05
0 0.75 0.38333333333333336 0.025 0.041666666666666664
0 0.6333333333333333 0.4888888888888889 0.06666666666666667 0.041666666666666664
0 0.6277777777777778 0.475 0.03333333333333333 0.03333333333333333
0 0.9638888888888889 0.24444444444444444 0.06944444444444445 0.04722222222222222
0 0.9833333333333333 0.425 0.027777777777777776 0.030555555555555555
0 0.6555555555555556 0.4388888888888889 0.03333333333333333 0.030555555555555555
0 0.9833333333333333 0.4527777777777778 0.03333333333333333 0.030555555555555555