0 0.9666666666666667 0.29444444444444445 0.06666666666666667 0.08611111111111111
0 0.5194444444444445 0.33055555555555555 0.05277777777777778 0.10833333333333334
0 0.8333333333333334 0.4527777777777778 0.058333333333333334 0.06388888888888888
0 0.6833333333333333 0.45 0.041666666666666664 0.05277777777777778
0 0.6527777777777778 0.4888888888888889 0.06388888888888888 0.03611111111111111
0 0.6388888888888888 0.4666666666666667 0.019444444444444445 0.041666666666666664
0 0.6611111111111111 0.46944444444444444 0.025 0.03333333333333333
0 0.7777777777777778 0.4444444444444444 0.03888888888888889 0.05
0 0.7361111111111112 0.45555555555555555 0.027777777777777776 0.03888888888888889
0 0.75 0.37777777777777777 0.025 0.041666666666666664
0 0.46111111111111114 0.30833333333333335 0.041666666666666664 0.06666666666666667