0 0.36944444444444446 0.2388888888888889 0.1 0.03611111111111111
0 0.8 0.2722222222222222 0.2111111111111111 0.10833333333333334
0 0.7972222222222223 0.35555555555555557 0.09166666666666666 0.08333333333333333
0 0.9416666666666667 0.41944444444444445 0.07777777777777778 0.03333333333333333
0 0.95 0.44722222222222224 0.06666666666666667 0.03333333333333333
0 0.9805555555555555 0.4666666666666667 0.03611111111111111 0.03888888888888889
0 0.4527777777777778 0.39166666666666666 0.030555555555555555 0.06666666666666667
0 0.4527777777777778 0.3611111111111111 0.044444444444444446 0.058333333333333334
0 0.6305555555555555 0.43333333333333335 0.03611111111111111 0.041666666666666664
0 0.7416666666666667 0.3888888888888889 0.025 0.044444444444444446
0 0.7694444444444445 0.45555555555555555 0.05555555555555555 0.04722222222222222
0 0.6166666666666667 0.4888888888888889 0.025 0.05555555555555555
0 0.8194444444444444 0.46111111111111114 0.022222222222222223 0.03333333333333333
0 0.6666666666666666 0.4888888888888889 0.04722222222222222 0.030555555555555555
0 0.7333333333333333 0.5 0.025 0.03333333333333333