0 0.32222222222222224 0.39444444444444443 0.022222222222222223 0.03333333333333333
0 0.4166666666666667 0.3 0.05277777777777778 0.05555555555555555
0 0.4361111111111111 0.3472222222222222 0.08055555555555556 0.06666666666666667
0 0.4 0.3638888888888889 0.10833333333333334 0.05277777777777778
0 0.9194444444444444 0.3388888888888889 0.13333333333333333 0.12222222222222222
0 0.6055555555555555 0.41944444444444445 0.03333333333333333 0.03888888888888889
0 0.7222222222222222 0.4444444444444444 0.041666666666666664 0.03888888888888889
0 0.95 0.4388888888888889 0.075 0.03611111111111111
0 0.9763888888888889 0.4041666666666667 0.04722222222222222 0.041666666666666664
0 0.7472222222222222 0.44166666666666665 0.05277777777777778 0.03333333333333333
0 0.48055555555555557 0.4388888888888889 0.05277777777777778 0.05