0 0.8166666666666667 0.26944444444444443 0.2111111111111111 0.09722222222222222
0 0.8138888888888889 0.35 0.1 0.08611111111111111
0 0.95 0.4222222222222222 0.06944444444444445 0.03888888888888889
0 0.9583333333333334 0.4527777777777778 0.058333333333333334 0.030555555555555555
0 0.7277777777777777 0.49166666666666664 0.03333333333333333 0.03611111111111111
0 0.6333333333333333 0.43333333333333335 0.041666666666666664 0.03611111111111111
0 0.7416666666666667 0.3888888888888889 0.027777777777777776 0.044444444444444446
0 0.4583333333333333 0.3861111111111111 0.044444444444444446 0.06666666666666667
0 0.44722222222222224 0.35 0.03333333333333333 0.05277777777777778
0 0.6194444444444445 0.48333333333333334 0.04722222222222222 0.05
0 0.6694444444444444 0.48333333333333334 0.03333333333333333 0.030555555555555555
0 0.8111111111111111 0.46111111111111114 0.027777777777777776 0.03888888888888889
0 0.775 0.4527777777777778 0.041666666666666664 0.041666666666666664