0 0.9277777777777778 0.3111111111111111 0.1388888888888889 0.1
0 0.4444444444444444 0.31666666666666665 0.03333333333333333 0.07222222222222222
0 0.5 0.3416666666666667 0.06388888888888888 0.08333333333333333
0 0.75 0.38333333333333336 0.022222222222222223 0.03888888888888889
0 0.9722222222222222 0.2388888888888889 0.05 0.03888888888888889
0 0.6555555555555556 0.4361111111111111 0.03611111111111111 0.03333333333333333
0 0.9805555555555555 0.4388888888888889 0.030555555555555555 0.05555555555555555
0 0.7777777777777778 0.44166666666666665 0.030555555555555555 0.044444444444444446
0 0.8111111111111111 0.4527777777777778 0.06944444444444445 0.041666666666666664
0 0.7 0.46111111111111114 0.03888888888888889 0.06388888888888888
0 0.6333333333333333 0.475 0.03333333333333333 0.03333333333333333
0 0.6333333333333333 0.4888888888888889 0.06666666666666667 0.041666666666666664