0 0.6055555555555555 0.34444444444444444 0.1527777777777778 0.08055555555555556
0 0.38333333333333336 0.3527777777777778 0.03611111111111111 0.04722222222222222
0 0.5388888888888889 0.3611111111111111 0.03611111111111111 0.03611111111111111
0 0.65 0.4 0.03888888888888889 0.041666666666666664
0 0.4888888888888889 0.4 0.03333333333333333 0.03888888888888889
0 0.6722222222222223 0.4166666666666667 0.016666666666666666 0.027777777777777776
0 0.8027777777777778 0.42777777777777776 0.075 0.04722222222222222
0 0.8833333333333333 0.44166666666666665 0.1 0.044444444444444446
0 0.8666666666666667 0.4444444444444444 0.1 0.03888888888888889
0 0.875 0.4722222222222222 0.044444444444444446 0.03611111111111111
0 0.775 0.4722222222222222 0.027777777777777776 0.027777777777777776
0 0.6111111111111112 0.5111111111111111 0.05277777777777778 0.030555555555555555
0 0.49444444444444446 0.2638888888888889 0.08333333333333333 0.06111111111111111