0 0.4 0.3333333333333333 0.03333333333333333 0.05277777777777778
0 0.6916666666666667 0.3388888888888889 0.18333333333333332 0.08888888888888889
0 0.5777777777777777 0.35 0.058333333333333334 0.06666666666666667
0 0.6583333333333333 0.3972222222222222 0.03333333333333333 0.044444444444444446
0 0.49722222222222223 0.40555555555555556 0.03888888888888889 0.030555555555555555
0 0.85 0.43333333333333335 0.09166666666666666 0.058333333333333334
0 0.7805555555555556 0.44166666666666665 0.03611111111111111 0.03611111111111111
0 0.4888888888888889 0.4444444444444444 0.05 0.044444444444444446
0 0.8972222222222223 0.45555555555555555 0.1 0.05
0 0.9055555555555556 0.4583333333333333 0.06666666666666667 0.06666666666666667
0 0.6444444444444445 0.4666666666666667 0.08055555555555556 0.04722222222222222
0 0.8277777777777777 0.4777777777777778 0.06388888888888888 0.03611111111111111
0 0.7972222222222223 0.48055555555555557 0.03333333333333333 0.03888888888888889
0 0.6305555555555555 0.5222222222222223 0.058333333333333334 0.030555555555555555
0 0.5111111111111111 0.25 0.05277777777777778 0.06111111111111111