0 0.8555555555555555 0.3388888888888889 0.13333333333333333 0.08333333333333333
0 0.4361111111111111 0.3472222222222222 0.027777777777777776 0.06111111111111111
0 0.4583333333333333 0.375 0.041666666666666664 0.07777777777777778
0 0.7444444444444445 0.3888888888888889 0.027777777777777776 0.044444444444444446
0 0.9694444444444444 0.4222222222222222 0.058333333333333334 0.03611111111111111
0 0.6388888888888888 0.43333333333333335 0.03611111111111111 0.030555555555555555
0 0.9722222222222222 0.44722222222222224 0.05 0.027777777777777776
0 0.7833333333333333 0.45555555555555555 0.03611111111111111 0.041666666666666664
0 0.7944444444444444 0.4583333333333333 0.05 0.044444444444444446
0 0.6222222222222222 0.4777777777777778 0.025 0.027777777777777776
0 0.6833333333333333 0.4861111111111111 0.03611111111111111 0.03888888888888889
0 0.7194444444444444 0.4861111111111111 0.030555555555555555 0.03888888888888889
0 0.6111111111111112 0.4888888888888889 0.030555555555555555 0.03888888888888889
0 0.8888888888888888 0.25833333333333336 0.2222222222222222 0.07777777777777778