0 0.25 0.38333333333333336 0.08055555555555556 0.05277777777777778
0 0.7055555555555556 0.4 0.05277777777777778 0.019444444444444445
0 0.49444444444444446 0.4027777777777778 0.011111111111111112 0.019444444444444445
0 0.8583333333333333 0.4083333333333333 0.016666666666666666 0.011111111111111112
0 0.3194444444444444 0.4166666666666667 0.025 0.013888888888888888
0 0.28888888888888886 0.41944444444444445 0.025 0.03888888888888889
0 0.31666666666666665 0.4527777777777778 0.022222222222222223 0.013888888888888888
0 0.8444444444444444 0.45555555555555555 0.025 0.019444444444444445
0 0.4861111111111111 0.45555555555555555 0.05 0.011111111111111112
0 0.1527777777777778 0.5111111111111111 0.019444444444444445 0.025
0 0.011111111111111112 0.5333333333333333 0.022222222222222223 0.027777777777777776
0 0.011111111111111112 0.6166666666666667 0.022222222222222223 0.030555555555555555