0 0.8388888888888889 0.37777777777777777 0.025 0.025
0 0.6138888888888889 0.4 0.022222222222222223 0.019444444444444445
0 0.5305555555555556 0.425 0.022222222222222223 0.013888888888888888
0 0.2916666666666667 0.43333333333333335 0.016666666666666666 0.019444444444444445
0 0.8305555555555556 0.4444444444444444 0.05 0.025
0 0.7583333333333333 0.45 0.05555555555555555 0.019444444444444445
0 0.31666666666666665 0.4722222222222222 0.041666666666666664 0.03888888888888889
0 0.2222222222222222 0.5 0.03611111111111111 0.05555555555555555
0 0.16944444444444445 0.5138888888888888 0.013888888888888888 0.016666666666666666
0 0.013888888888888888 0.5388888888888889 0.025 0.016666666666666666
0 0.08333333333333333 0.5444444444444444 0.03611111111111111 0.025