0 0.75 0.34444444444444444 0.022222222222222223 0.013888888888888888
0 0.2222222222222222 0.3472222222222222 0.041666666666666664 0.04722222222222222
0 0.37777777777777777 0.3638888888888889 0.030555555555555555 0.05277777777777778
0 0.7583333333333333 0.3638888888888889 0.016666666666666666 0.013888888888888888
0 0.4722222222222222 0.3861111111111111 0.022222222222222223 0.013888888888888888
0 0.8138888888888889 0.4 0.019444444444444445 0.013888888888888888
0 0.49444444444444446 0.4111111111111111 0.06388888888888888 0.03333333333333333
0 0.325 0.4222222222222222 0.019444444444444445 0.016666666666666666
0 0.6805555555555556 0.45555555555555555 0.058333333333333334 0.019444444444444445
0 0.3527777777777778 0.4861111111111111 0.044444444444444446 0.022222222222222223
0 0.016666666666666666 0.5527777777777778 0.027777777777777776 0.019444444444444445