0 0.7305555555555555 0.39166666666666666 0.03333333333333333 0.016666666666666666
0 0.18333333333333332 0.4111111111111111 0.03333333333333333 0.06111111111111111
0 0.4777777777777778 0.425 0.013888888888888888 0.016666666666666666
0 0.6722222222222223 0.43333333333333335 0.027777777777777776 0.025
0 0.8388888888888889 0.4666666666666667 0.06111111111111111 0.019444444444444445
0 0.32222222222222224 0.48333333333333334 0.058333333333333334 0.022222222222222223
0 0.09444444444444444 0.48333333333333334 0.025 0.016666666666666666
0 0.21944444444444444 0.4888888888888889 0.013888888888888888 0.016666666666666666
0 0.15 0.49444444444444446 0.027777777777777776 0.019444444444444445
0 0.17777777777777778 0.49444444444444446 0.03333333333333333 0.025
0 0.12222222222222222 0.5333333333333333 0.030555555555555555 0.019444444444444445