0 0.975 0.39444444444444443 0.016666666666666666 0.022222222222222223
0 0.46111111111111114 0.4083333333333333 0.025 0.016666666666666666
0 0.26666666666666666 0.4222222222222222 0.04722222222222222 0.05
0 0.45555555555555555 0.42777777777777776 0.019444444444444445 0.022222222222222223
0 0.18333333333333332 0.43333333333333335 0.022222222222222223 0.011111111111111112
0 0.30277777777777776 0.46111111111111114 0.03333333333333333 0.025
0 0.6888888888888889 0.4722222222222222 0.030555555555555555 0.019444444444444445
0 0.2111111111111111 0.475 0.022222222222222223 0.030555555555555555
0 0.34444444444444444 0.48333333333333334 0.03888888888888889 0.030555555555555555
0 0.06388888888888888 0.525 0.025 0.03333333333333333
0 0.21388888888888888 0.525 0.06111111111111111 0.022222222222222223
0 0.016666666666666666 0.5444444444444444 0.016666666666666666 0.019444444444444445