0 0.9833333333333333 0.36666666666666664 0.03333333333333333 0.027777777777777776
0 0.175 0.39444444444444443 0.058333333333333334 0.058333333333333334
0 0.7444444444444445 0.3972222222222222 0.030555555555555555 0.016666666666666666
0 0.7111111111111111 0.4 0.011111111111111112 0.016666666666666666
0 0.4777777777777778 0.425 0.016666666666666666 0.013888888888888888
0 0.6583333333333333 0.4305555555555556 0.030555555555555555 0.016666666666666666
0 0.8555555555555555 0.46111111111111114 0.06388888888888888 0.025
0 0.12222222222222222 0.475 0.025 0.019444444444444445
0 0.2222222222222222 0.475 0.019444444444444445 0.016666666666666666
0 0.14444444444444443 0.5 0.041666666666666664 0.025
0 0.10555555555555556 0.5333333333333333 0.019444444444444445 0.016666666666666666