0 0.8666666666666667 0.38055555555555554 0.027777777777777776 0.025
0 0.9305555555555556 0.4 0.05 0.019444444444444445
0 0.55 0.40555555555555556 0.027777777777777776 0.019444444444444445
0 0.49444444444444446 0.4083333333333333 0.019444444444444445 0.019444444444444445
0 0.26944444444444443 0.4388888888888889 0.030555555555555555 0.022222222222222223
0 0.42777777777777776 0.45 0.03611111111111111 0.030555555555555555
0 0.725 0.45 0.027777777777777776 0.022222222222222223
0 0.34444444444444444 0.45555555555555555 0.03333333333333333 0.041666666666666664
0 0.24444444444444444 0.5194444444444445 0.06111111111111111 0.09444444444444444
0 0.011111111111111112 0.5361111111111111 0.019444444444444445 0.03333333333333333
0 0.08055555555555556 0.5555555555555556 0.025 0.025