0 0.39444444444444443 0.31666666666666665 0.025 0.025
0 0.5527777777777778 0.33055555555555555 0.03888888888888889 0.03611111111111111
0 0.6222222222222222 0.38333333333333336 0.011111111111111112 0.013888888888888888
0 0.75 0.3888888888888889 0.011111111111111112 0.016666666666666666
0 0.24166666666666667 0.4222222222222222 0.016666666666666666 0.027777777777777776
0 0.26944444444444443 0.4305555555555556 0.013888888888888888 0.016666666666666666
0 0.21944444444444444 0.4388888888888889 0.022222222222222223 0.016666666666666666
0 0.15833333333333333 0.5027777777777778 0.044444444444444446 0.013888888888888888
0 0.1 0.5194444444444445 0.03611111111111111 0.016666666666666666
0 0.013888888888888888 0.5361111111111111 0.025 0.025
0 0.16666666666666666 0.5444444444444444 0.05555555555555555 0.013888888888888888