0 0.12222222222222222 0.3638888888888889 0.030555555555555555 0.058333333333333334
0 0.8944444444444445 0.39444444444444443 0.03888888888888889 0.025
0 0.7777777777777778 0.40555555555555556 0.019444444444444445 0.016666666666666666
0 0.7194444444444444 0.4222222222222222 0.022222222222222223 0.013888888888888888
0 0.2222222222222222 0.425 0.022222222222222223 0.019444444444444445
0 0.24722222222222223 0.43333333333333335 0.016666666666666666 0.019444444444444445
0 0.5944444444444444 0.43333333333333335 0.03888888888888889 0.013888888888888888
0 0.9055555555555556 0.4361111111111111 0.03888888888888889 0.016666666666666666
0 0.26944444444444443 0.4444444444444444 0.025 0.041666666666666664
0 0.11666666666666667 0.5055555555555555 0.013888888888888888 0.016666666666666666
0 0.18611111111111112 0.5111111111111111 0.044444444444444446 0.027777777777777776
0 0.15833333333333333 0.525 0.025 0.027777777777777776
0 0.05555555555555555 0.525 0.03888888888888889 0.019444444444444445
0 0.011111111111111112 0.5388888888888889 0.022222222222222223 0.025
0 0.03888888888888889 0.55 0.013888888888888888 0.013888888888888888