0 0.9222222222222223 0.39166666666666666 0.025 0.022222222222222223
0 0.4638888888888889 0.4166666666666667 0.030555555555555555 0.019444444444444445
0 0.43333333333333335 0.4305555555555556 0.022222222222222223 0.011111111111111112
0 0.2111111111111111 0.4388888888888889 0.019444444444444445 0.011111111111111112
0 0.4361111111111111 0.4444444444444444 0.008333333333333333 0.013888888888888888
0 0.3527777777777778 0.4444444444444444 0.019444444444444445 0.03333333333333333
0 0.725 0.45 0.025 0.022222222222222223
0 0.325 0.45 0.03333333333333333 0.025
0 0.25277777777777777 0.45555555555555555 0.013888888888888888 0.022222222222222223
0 0.35 0.49444444444444446 0.06388888888888888 0.019444444444444445
0 0.008333333333333333 0.5277777777777778 0.016666666666666666 0.03888888888888889
0 0.17777777777777778 0.5333333333333333 0.06666666666666667 0.019444444444444445
0 0.24166666666666667 0.5388888888888889 0.041666666666666664 0.05277777777777778