0 0.8027777777777778 0.375 0.008333333333333333 0.016666666666666666
0 0.2722222222222222 0.3861111111111111 0.08333333333333333 0.041666666666666664
0 0.6944444444444444 0.4 0.058333333333333334 0.019444444444444445
0 0.49444444444444446 0.4 0.019444444444444445 0.016666666666666666
0 0.325 0.4111111111111111 0.019444444444444445 0.019444444444444445
0 0.28888888888888886 0.41944444444444445 0.03611111111111111 0.03888888888888889
0 0.3111111111111111 0.45 0.019444444444444445 0.011111111111111112
0 0.4722222222222222 0.45555555555555555 0.04722222222222222 0.013888888888888888
0 0.041666666666666664 0.49166666666666664 0.025 0.016666666666666666
0 0.15 0.5111111111111111 0.025 0.022222222222222223
0 0.011111111111111112 0.5305555555555556 0.013888888888888888 0.030555555555555555