0 0.8472222222222222 0.37777777777777777 0.027777777777777776 0.025
0 0.5861111111111111 0.4 0.027777777777777776 0.019444444444444445
0 0.5138888888888888 0.4166666666666667 0.022222222222222223 0.016666666666666666
0 0.8694444444444445 0.4222222222222222 0.06111111111111111 0.027777777777777776
0 0.2916666666666667 0.43333333333333335 0.022222222222222223 0.022222222222222223
0 0.7388888888888889 0.4527777777777778 0.06111111111111111 0.022222222222222223
0 0.4222222222222222 0.4527777777777778 0.03333333333333333 0.027777777777777776
0 0.33055555555555555 0.4638888888888889 0.030555555555555555 0.041666666666666664
0 0.19722222222222222 0.5111111111111111 0.03888888888888889 0.022222222222222223
0 0.225 0.525 0.030555555555555555 0.03333333333333333
0 0.008333333333333333 0.5361111111111111 0.013888888888888888 0.025
0 0.08611111111111111 0.55 0.03333333333333333 0.027777777777777776