0 0.7972222222222223 0.30833333333333335 0.016666666666666666 0.016666666666666666
0 0.9361111111111111 0.3277777777777778 0.025 0.016666666666666666
0 0.5805555555555556 0.3472222222222222 0.025 0.016666666666666666
0 0.5361111111111111 0.3472222222222222 0.013888888888888888 0.008333333333333333
0 0.6444444444444445 0.4361111111111111 0.03333333333333333 0.013888888888888888
0 0.4861111111111111 0.44722222222222224 0.025 0.030555555555555555
0 0.2972222222222222 0.46111111111111114 0.019444444444444445 0.011111111111111112
0 0.016666666666666666 0.4666666666666667 0.03333333333333333 0.05277777777777778
0 0.09444444444444444 0.4777777777777778 0.030555555555555555 0.022222222222222223
0 0.3861111111111111 0.5 0.041666666666666664 0.013888888888888888
0 0.11944444444444445 0.5361111111111111 0.027777777777777776 0.019444444444444445