0 0.8444444444444444 0.37777777777777777 0.027777777777777776 0.022222222222222223
0 0.6 0.4 0.030555555555555555 0.016666666666666666
0 0.5222222222222223 0.41944444444444445 0.019444444444444445 0.022222222222222223
0 0.8472222222222222 0.4305555555555556 0.05 0.027777777777777776
0 0.2916666666666667 0.43333333333333335 0.016666666666666666 0.022222222222222223
0 0.7416666666666667 0.45 0.05 0.011111111111111112
0 0.4222222222222222 0.45555555555555555 0.03333333333333333 0.03333333333333333
0 0.325 0.4666666666666667 0.03333333333333333 0.03333333333333333
0 0.18333333333333332 0.5083333333333333 0.03333333333333333 0.016666666666666666
0 0.225 0.5138888888888888 0.03611111111111111 0.05
0 0.013888888888888888 0.5333333333333333 0.022222222222222223 0.022222222222222223
0 0.08611111111111111 0.5472222222222223 0.03888888888888889 0.025