0 0.12777777777777777 0.3638888888888889 0.06388888888888888 0.05277777777777778
0 0.8 0.39444444444444443 0.025 0.019444444444444445
0 0.25555555555555554 0.3972222222222222 0.022222222222222223 0.022222222222222223
0 0.8361111111111111 0.4111111111111111 0.05277777777777778 0.019444444444444445
0 0.7944444444444444 0.4111111111111111 0.019444444444444445 0.019444444444444445
0 0.275 0.41944444444444445 0.025 0.04722222222222222
0 0.8694444444444445 0.44166666666666665 0.05 0.027777777777777776
0 0.55 0.44722222222222224 0.03888888888888889 0.016666666666666666
0 0.1527777777777778 0.5083333333333333 0.022222222222222223 0.022222222222222223
0 0.03888888888888889 0.5305555555555556 0.016666666666666666 0.025
0 0.016666666666666666 0.5388888888888889 0.016666666666666666 0.027777777777777776
0 0.013888888888888888 0.5527777777777778 0.025 0.019444444444444445
0 0.08333333333333333 0.5666666666666667 0.025 0.03611111111111111