0 0.19722222222222222 0.3638888888888889 0.07222222222222222 0.05
0 0.8027777777777778 0.38333333333333336 0.013888888888888888 0.022222222222222223
0 0.2638888888888889 0.39166666666666666 0.030555555555555555 0.016666666666666666
0 0.48333333333333334 0.3972222222222222 0.016666666666666666 0.016666666666666666
0 0.7555555555555555 0.40555555555555556 0.06388888888888888 0.022222222222222223
0 0.8444444444444444 0.41388888888888886 0.025 0.013888888888888888
0 0.28888888888888886 0.41944444444444445 0.03611111111111111 0.041666666666666664
0 0.3333333333333333 0.45 0.022222222222222223 0.011111111111111112
0 0.5111111111111111 0.4527777777777778 0.03611111111111111 0.011111111111111112
0 0.8444444444444444 0.45555555555555555 0.041666666666666664 0.019444444444444445
0 0.05277777777777778 0.5 0.013888888888888888 0.025
0 0.17222222222222222 0.5083333333333333 0.022222222222222223 0.022222222222222223
0 0.016666666666666666 0.5416666666666666 0.013888888888888888 0.025
0 0.041666666666666664 0.5916666666666667 0.03888888888888889 0.030555555555555555