0 0.13055555555555556 0.3611111111111111 0.10277777777777777 0.058333333333333334
0 0.8027777777777778 0.3888888888888889 0.022222222222222223 0.019444444444444445
0 0.25833333333333336 0.39166666666666666 0.022222222222222223 0.022222222222222223
0 0.46944444444444444 0.4027777777777778 0.019444444444444445 0.011111111111111112
0 0.8166666666666667 0.4111111111111111 0.06111111111111111 0.022222222222222223
0 0.2833333333333333 0.4166666666666667 0.041666666666666664 0.05
0 0.5388888888888889 0.44722222222222224 0.03888888888888889 0.011111111111111112
0 0.8583333333333333 0.45 0.06388888888888888 0.03888888888888889
0 0.1638888888888889 0.5111111111111111 0.019444444444444445 0.019444444444444445
0 0.044444444444444446 0.525 0.019444444444444445 0.027777777777777776
0 0.019444444444444445 0.5416666666666666 0.008333333333333333 0.019444444444444445
0 0.016666666666666666 0.5583333333333333 0.027777777777777776 0.025
0 0.04722222222222222 0.5583333333333333 0.013888888888888888 0.013888888888888888
0 0.07777777777777778 0.5777777777777777 0.025 0.03333333333333333
0 0.03333333333333333 0.5805555555555556 0.019444444444444445 0.013888888888888888