0 0.15555555555555556 0.37222222222222223 0.08055555555555556 0.058333333333333334
0 0.1 0.5111111111111111 0.041666666666666664 0.019444444444444445
0 0.2222222222222222 0.5138888888888888 0.03888888888888889 0.016666666666666666
0 0.2361111111111111 0.49444444444444446 0.05277777777777778 0.016666666666666666
0 0.16944444444444445 0.45555555555555555 0.025 0.019444444444444445
0 0.23333333333333334 0.45 0.016666666666666666 0.022222222222222223
0 0.26944444444444443 0.46111111111111114 0.027777777777777776 0.030555555555555555
0 0.6333333333333333 0.4305555555555556 0.044444444444444446 0.011111111111111112
0 0.7583333333333333 0.40555555555555556 0.025 0.016666666666666666
0 0.8916666666666667 0.44722222222222224 0.05 0.022222222222222223
0 0.9527777777777777 0.36944444444444446 0.07222222222222222 0.027777777777777776