0 0.9333333333333333 0.39444444444444443 0.030555555555555555 0.022222222222222223
0 0.44166666666666665 0.41388888888888886 0.013888888888888888 0.016666666666666666
0 0.4083333333333333 0.43333333333333335 0.019444444444444445 0.013888888888888888
0 0.18333333333333332 0.4388888888888889 0.022222222222222223 0.016666666666666666
0 0.4388888888888889 0.44166666666666665 0.013888888888888888 0.025
0 0.35 0.45 0.022222222222222223 0.03611111111111111
0 0.2388888888888889 0.45 0.022222222222222223 0.019444444444444445
0 0.2861111111111111 0.46111111111111114 0.07777777777777778 0.06111111111111111
0 0.32222222222222224 0.5055555555555555 0.058333333333333334 0.027777777777777776
0 0.21944444444444444 0.5277777777777778 0.05 0.025
0 0.019444444444444445 0.5277777777777778 0.03333333333333333 0.030555555555555555