0 0.9833333333333333 0.39444444444444443 0.025 0.019444444444444445
0 0.4722222222222222 0.4111111111111111 0.027777777777777776 0.019444444444444445
0 0.26944444444444443 0.425 0.05555555555555555 0.05277777777777778
0 0.4583333333333333 0.42777777777777776 0.016666666666666666 0.022222222222222223
0 0.18333333333333332 0.4305555555555556 0.019444444444444445 0.013888888888888888
0 0.3 0.46111111111111114 0.030555555555555555 0.025
0 0.6888888888888889 0.4722222222222222 0.030555555555555555 0.019444444444444445
0 0.21666666666666667 0.48333333333333334 0.013888888888888888 0.022222222222222223
0 0.3472222222222222 0.48055555555555557 0.030555555555555555 0.027777777777777776
0 0.06666666666666667 0.525 0.019444444444444445 0.027777777777777776
0 0.18611111111111112 0.5333333333333333 0.09444444444444444 0.03333333333333333