0 0.9166666666666666 0.31666666666666665 0.025 0.019444444444444445
0 0.5333333333333333 0.33055555555555555 0.016666666666666666 0.011111111111111112
0 0.6305555555555555 0.3416666666666667 0.019444444444444445 0.016666666666666666
0 0.44166666666666665 0.36666666666666664 0.025 0.016666666666666666
0 0.6888888888888889 0.42777777777777776 0.030555555555555555 0.011111111111111112
0 0.5416666666666666 0.4305555555555556 0.030555555555555555 0.03333333333333333
0 0.030555555555555555 0.46111111111111114 0.011111111111111112 0.013888888888888888
0 0.008333333333333333 0.4666666666666667 0.013888888888888888 0.025
0 0.08611111111111111 0.48055555555555557 0.030555555555555555 0.027777777777777776
0 0.35555555555555557 0.5 0.044444444444444446 0.016666666666666666
0 0.013888888888888888 0.5 0.008333333333333333 0.019444444444444445
0 0.09444444444444444 0.5388888888888889 0.027777777777777776 0.016666666666666666