0 0.1361111111111111 0.3611111111111111 0.10277777777777777 0.06388888888888888
0 0.8027777777777778 0.3888888888888889 0.022222222222222223 0.025
0 0.25833333333333336 0.39166666666666666 0.016666666666666666 0.022222222222222223
0 0.8083333333333333 0.4083333333333333 0.05277777777777778 0.022222222222222223
0 0.2833333333333333 0.41944444444444445 0.030555555555555555 0.044444444444444446
0 0.5361111111111111 0.45 0.041666666666666664 0.016666666666666666
0 0.8555555555555555 0.45 0.058333333333333334 0.030555555555555555
0 0.16944444444444445 0.5111111111111111 0.022222222222222223 0.019444444444444445
0 0.041666666666666664 0.5222222222222223 0.022222222222222223 0.022222222222222223
0 0.019444444444444445 0.5388888888888889 0.016666666666666666 0.019444444444444445
0 0.011111111111111112 0.5555555555555556 0.019444444444444445 0.027777777777777776
0 0.07222222222222222 0.575 0.025 0.03333333333333333
0 0.027777777777777776 0.5805555555555556 0.019444444444444445 0.016666666666666666