0 0.9861111111111112 0.39166666666666666 0.019444444444444445 0.030555555555555555
0 0.48333333333333334 0.4111111111111111 0.022222222222222223 0.019444444444444445
0 0.46111111111111114 0.4222222222222222 0.016666666666666666 0.022222222222222223
0 0.2722222222222222 0.425 0.06666666666666667 0.05277777777777778
0 0.35555555555555557 0.43333333333333335 0.025 0.013888888888888888
0 0.18333333333333332 0.43333333333333335 0.013888888888888888 0.013888888888888888
0 0.07777777777777778 0.46111111111111114 0.025 0.019444444444444445
0 0.3055555555555556 0.4666666666666667 0.025 0.025
0 0.35 0.475 0.016666666666666666 0.022222222222222223
0 0.6777777777777778 0.4777777777777778 0.03333333333333333 0.016666666666666666
0 0.21388888888888888 0.4861111111111111 0.013888888888888888 0.019444444444444445
0 0.06944444444444445 0.5222222222222223 0.025 0.027777777777777776
0 0.175 0.5333333333333333 0.06666666666666667 0.025
0 0.025 0.5444444444444444 0.022222222222222223 0.019444444444444445