0 0.13055555555555556 0.3638888888888889 0.044444444444444446 0.06111111111111111
0 0.9111111111111111 0.3888888888888889 0.04722222222222222 0.030555555555555555
0 0.775 0.40555555555555556 0.022222222222222223 0.016666666666666666
0 0.2111111111111111 0.43333333333333335 0.030555555555555555 0.022222222222222223
0 0.6083333333333333 0.43333333333333335 0.03888888888888889 0.013888888888888888
0 0.9111111111111111 0.43333333333333335 0.03888888888888889 0.016666666666666666
0 0.24444444444444444 0.4361111111111111 0.016666666666666666 0.022222222222222223
0 0.2722222222222222 0.44722222222222224 0.027777777777777776 0.041666666666666664
0 0.18611111111111112 0.5166666666666667 0.06111111111111111 0.03888888888888889
0 0.06388888888888888 0.5222222222222223 0.03333333333333333 0.025
0 0.008333333333333333 0.5388888888888889 0.016666666666666666 0.019444444444444445