0 0.9027777777777778 0.3888888888888889 0.027777777777777776 0.025
0 0.9861111111111112 0.40555555555555556 0.025 0.025
0 0.5 0.4166666666666667 0.022222222222222223 0.022222222222222223
0 0.4666666666666667 0.43333333333333335 0.019444444444444445 0.013888888888888888
0 0.4361111111111111 0.4444444444444444 0.030555555555555555 0.027777777777777776
0 0.3277777777777778 0.44722222222222224 0.022222222222222223 0.025
0 0.3527777777777778 0.44722222222222224 0.019444444444444445 0.03333333333333333
0 0.7222222222222222 0.45 0.027777777777777776 0.022222222222222223
0 0.25277777777777777 0.4722222222222222 0.016666666666666666 0.019444444444444445
0 0.3611111111111111 0.49444444444444446 0.058333333333333334 0.025
0 0.008333333333333333 0.525 0.016666666666666666 0.027777777777777776
0 0.24444444444444444 0.5361111111111111 0.05277777777777778 0.06111111111111111
0 0.1111111111111111 0.55 0.05277777777777778 0.027777777777777776