0 0.8722222222222222 0.38055555555555554 0.030555555555555555 0.022222222222222223
0 0.9444444444444444 0.4 0.05277777777777778 0.019444444444444445
0 0.5388888888888889 0.4111111111111111 0.030555555555555555 0.016666666666666666
0 0.25833333333333336 0.4388888888888889 0.030555555555555555 0.019444444444444445
0 0.425 0.44722222222222224 0.03333333333333333 0.025
0 0.725 0.45 0.019444444444444445 0.016666666666666666
0 0.33611111111111114 0.45 0.011111111111111112 0.016666666666666666
0 0.34444444444444444 0.45555555555555555 0.027777777777777776 0.03888888888888889
0 0.2388888888888889 0.5222222222222223 0.05 0.08611111111111111
0 0.011111111111111112 0.5333333333333333 0.019444444444444445 0.025
0 0.08055555555555556 0.5555555555555556 0.019444444444444445 0.025