0 0.11944444444444445 0.3611111111111111 0.022222222222222223 0.058333333333333334
0 0.7944444444444444 0.4 0.019444444444444445 0.016666666666666666
0 0.24166666666666667 0.40555555555555556 0.019444444444444445 0.016666666666666666
0 0.8638888888888889 0.4083333333333333 0.044444444444444446 0.016666666666666666
0 0.75 0.41388888888888886 0.025 0.013888888888888888
0 0.25833333333333336 0.42777777777777776 0.022222222222222223 0.013888888888888888
0 0.275 0.42777777777777776 0.025 0.044444444444444446
0 0.8888888888888888 0.43333333333333335 0.05555555555555555 0.027777777777777776
0 0.5638888888888889 0.44166666666666665 0.05 0.019444444444444445
0 0.1388888888888889 0.5055555555555555 0.03333333333333333 0.019444444444444445
0 0.022222222222222223 0.5388888888888889 0.030555555555555555 0.027777777777777776
0 0.12222222222222222 0.5472222222222223 0.03611111111111111 0.03333333333333333
0 0.05555555555555555 0.5666666666666667 0.019444444444444445 0.019444444444444445