0 0.8861111111111111 0.38055555555555554 0.016666666666666666 0.022222222222222223
0 0.9694444444444444 0.4 0.04722222222222222 0.022222222222222223
0 0.5222222222222223 0.41388888888888886 0.027777777777777776 0.016666666666666666
0 0.48333333333333334 0.4222222222222222 0.013888888888888888 0.013888888888888888
0 0.24166666666666667 0.4444444444444444 0.022222222222222223 0.025
0 0.4305555555555556 0.4444444444444444 0.030555555555555555 0.03333333333333333
0 0.3333333333333333 0.44722222222222224 0.016666666666666666 0.019444444444444445
0 0.7222222222222222 0.45 0.027777777777777776 0.022222222222222223
0 0.3527777777777778 0.45 0.025 0.03333333333333333
0 0.24166666666666667 0.5194444444444445 0.05555555555555555 0.09166666666666666
0 0.011111111111111112 0.5333333333333333 0.022222222222222223 0.027777777777777776
0 0.09166666666666666 0.5555555555555556 0.025 0.022222222222222223