0 0.15555555555555556 0.36666666666666664 0.07222222222222222 0.058333333333333334
0 0.09722222222222222 0.5111111111111111 0.041666666666666664 0.016666666666666666
0 0.17777777777777778 0.45 0.022222222222222223 0.013888888888888888
0 0.2388888888888889 0.44722222222222224 0.016666666666666666 0.022222222222222223
0 0.21388888888888888 0.5083333333333333 0.041666666666666664 0.016666666666666666
0 0.2361111111111111 0.49444444444444446 0.058333333333333334 0.016666666666666666
0 0.2722222222222222 0.4583333333333333 0.025 0.03333333333333333
0 0.6305555555555555 0.4305555555555556 0.03888888888888889 0.016666666666666666
0 0.7638888888888888 0.40555555555555556 0.03333333333333333 0.016666666666666666
0 0.95 0.36944444444444446 0.058333333333333334 0.019444444444444445
0 0.8916666666666667 0.44722222222222224 0.04722222222222222 0.030555555555555555