0 0.7833333333333333 0.36666666666666664 0.022222222222222223 0.025
0 0.6833333333333333 0.4 0.025 0.019444444444444445
0 0.5722222222222222 0.4305555555555556 0.016666666666666666 0.013888888888888888
0 0.5055555555555555 0.43333333333333335 0.013888888888888888 0.013888888888888888
0 0.8527777777777777 0.4361111111111111 0.06666666666666667 0.03333333333333333
0 0.19722222222222222 0.4388888888888889 0.030555555555555555 0.06111111111111111
0 0.7222222222222222 0.45 0.04722222222222222 0.019444444444444445
0 0.23333333333333334 0.4583333333333333 0.027777777777777776 0.030555555555555555
0 0.7916666666666666 0.4666666666666667 0.03888888888888889 0.019444444444444445
0 0.2972222222222222 0.4666666666666667 0.022222222222222223 0.03333333333333333
0 0.35833333333333334 0.4777777777777778 0.022222222222222223 0.030555555555555555
0 0.23055555555555557 0.5 0.030555555555555555 0.019444444444444445
0 0.1388888888888889 0.525 0.016666666666666666 0.008333333333333333
0 0.011111111111111112 0.5388888888888889 0.013888888888888888 0.027777777777777776
0 0.05555555555555555 0.5472222222222223 0.05555555555555555 0.019444444444444445