0 0.24722222222222223 0.38055555555555554 0.07777777777777778 0.04722222222222222
0 0.2722222222222222 0.4 0.025 0.019444444444444445
0 0.49166666666666664 0.4 0.019444444444444445 0.013888888888888888
0 0.7138888888888889 0.4027777777777778 0.06388888888888888 0.022222222222222223
0 0.8555555555555555 0.4111111111111111 0.030555555555555555 0.016666666666666666
0 0.31666666666666665 0.4166666666666667 0.019444444444444445 0.013888888888888888
0 0.2861111111111111 0.4222222222222222 0.03333333333333333 0.044444444444444446
0 0.31666666666666665 0.45 0.016666666666666666 0.013888888888888888
0 0.49444444444444446 0.4527777777777778 0.03611111111111111 0.016666666666666666
0 0.8444444444444444 0.4583333333333333 0.027777777777777776 0.022222222222222223
0 0.15833333333333333 0.5111111111111111 0.025 0.022222222222222223
0 0.011111111111111112 0.5333333333333333 0.022222222222222223 0.027777777777777776
0 0.019444444444444445 0.6166666666666667 0.03333333333333333 0.03333333333333333