0 0.9777777777777777 0.3638888888888889 0.03888888888888889 0.03333333333333333
0 0.17222222222222222 0.3888888888888889 0.06944444444444445 0.06666666666666667
0 0.7472222222222222 0.4 0.027777777777777776 0.016666666666666666
0 0.7111111111111111 0.4 0.013888888888888888 0.016666666666666666
0 0.6222222222222222 0.41388888888888886 0.016666666666666666 0.019444444444444445
0 0.475 0.425 0.016666666666666666 0.013888888888888888
0 0.6583333333333333 0.43333333333333335 0.030555555555555555 0.016666666666666666
0 0.8611111111111112 0.4583333333333333 0.06111111111111111 0.025
0 0.12777777777777777 0.46944444444444444 0.027777777777777776 0.016666666666666666
0 0.225 0.475 0.025 0.027777777777777776
0 0.13333333333333333 0.5055555555555555 0.04722222222222222 0.022222222222222223
0 0.10277777777777777 0.5361111111111111 0.019444444444444445 0.013888888888888888