0 0.8666666666666667 0.38055555555555554 0.027777777777777776 0.025
0 0.9222222222222223 0.4027777777777778 0.05 0.025
0 0.5555555555555556 0.40555555555555556 0.022222222222222223 0.019444444444444445
0 0.5 0.4083333333333333 0.022222222222222223 0.011111111111111112
0 0.2722222222222222 0.4361111111111111 0.030555555555555555 0.022222222222222223
0 0.42777777777777776 0.45 0.03888888888888889 0.025
0 0.725 0.4527777777777778 0.027777777777777776 0.022222222222222223
0 0.34444444444444444 0.45555555555555555 0.030555555555555555 0.03611111111111111
0 0.23333333333333334 0.5 0.03333333333333333 0.019444444444444445
0 0.011111111111111112 0.5361111111111111 0.022222222222222223 0.027777777777777776
0 0.24722222222222223 0.5361111111111111 0.06666666666666667 0.06666666666666667
0 0.08055555555555556 0.5555555555555556 0.025 0.027777777777777776