0 0.11944444444444445 0.3611111111111111 0.027777777777777776 0.058333333333333334
0 0.7888888888888889 0.4027777777777778 0.022222222222222223 0.019444444444444445
0 0.8722222222222222 0.40555555555555556 0.03888888888888889 0.019444444444444445
0 0.2361111111111111 0.4111111111111111 0.022222222222222223 0.019444444444444445
0 0.7388888888888889 0.4166666666666667 0.022222222222222223 0.016666666666666666
0 0.275 0.4305555555555556 0.016666666666666666 0.03888888888888889
0 0.8888888888888888 0.4361111111111111 0.044444444444444446 0.019444444444444445
0 0.5722222222222222 0.4388888888888889 0.044444444444444446 0.016666666666666666
0 0.13055555555555556 0.5111111111111111 0.027777777777777776 0.022222222222222223
0 0.1638888888888889 0.5166666666666667 0.03888888888888889 0.019444444444444445
0 0.016666666666666666 0.5333333333333333 0.025 0.03888888888888889
0 0.03333333333333333 0.5361111111111111 0.025 0.030555555555555555
0 0.13333333333333333 0.5388888888888889 0.041666666666666664 0.027777777777777776
0 0.06111111111111111 0.5555555555555556 0.022222222222222223 0.030555555555555555