0 0.8166666666666667 0.37222222222222223 0.016666666666666666 0.022222222222222223
0 0.6611111111111111 0.4 0.025 0.019444444444444445
0 0.5555555555555556 0.4305555555555556 0.022222222222222223 0.013888888888888888
0 0.275 0.44166666666666665 0.025 0.022222222222222223
0 0.20833333333333334 0.4527777777777778 0.03888888888888889 0.06111111111111111
0 0.7638888888888888 0.4583333333333333 0.058333333333333334 0.019444444444444445
0 0.3472222222222222 0.4583333333333333 0.03888888888888889 0.025
0 0.7833333333333333 0.46944444444444444 0.03611111111111111 0.019444444444444445
0 0.2916666666666667 0.475 0.022222222222222223 0.03888888888888889
0 0.15555555555555556 0.5222222222222223 0.025 0.019444444444444445
0 0.07222222222222222 0.5388888888888889 0.041666666666666664 0.022222222222222223
0 0.016666666666666666 0.5388888888888889 0.027777777777777776 0.030555555555555555