0 0.7277777777777777 0.36944444444444446 0.022222222222222223 0.022222222222222223
0 0.7083333333333334 0.3861111111111111 0.022222222222222223 0.016666666666666666
0 0.18888888888888888 0.4222222222222222 0.027777777777777776 0.05555555555555555
0 0.6888888888888889 0.4388888888888889 0.03333333333333333 0.025
0 0.8111111111111111 0.4527777777777778 0.04722222222222222 0.025
0 0.8166666666666667 0.46944444444444444 0.06388888888888888 0.011111111111111112
0 0.35833333333333334 0.4722222222222222 0.05555555555555555 0.025
0 0.17777777777777778 0.48055555555555557 0.03333333333333333 0.022222222222222223
0 0.225 0.48333333333333334 0.03888888888888889 0.025
0 0.05555555555555555 0.49722222222222223 0.027777777777777776 0.016666666666666666
0 0.30833333333333335 0.5 0.027777777777777776 0.019444444444444445
0 0.008333333333333333 0.5416666666666666 0.013888888888888888 0.019444444444444445
0 0.016666666666666666 0.5638888888888889 0.030555555555555555 0.022222222222222223