0 0.7277777777777777 0.37222222222222223 0.013888888888888888 0.019444444444444445
0 0.7 0.39166666666666666 0.027777777777777776 0.022222222222222223
0 0.19166666666666668 0.42777777777777776 0.027777777777777776 0.05277777777777778
0 0.6888888888888889 0.44166666666666665 0.03888888888888889 0.019444444444444445
0 0.8166666666666667 0.45 0.05 0.019444444444444445
0 0.8111111111111111 0.46944444444444444 0.06388888888888888 0.016666666666666666
0 0.36666666666666664 0.4722222222222222 0.06666666666666667 0.019444444444444445
0 0.18055555555555555 0.4777777777777778 0.030555555555555555 0.022222222222222223
0 0.23055555555555557 0.4777777777777778 0.03611111111111111 0.022222222222222223
0 0.05555555555555555 0.49722222222222223 0.022222222222222223 0.025
0 0.3111111111111111 0.49722222222222223 0.030555555555555555 0.025
0 0.008333333333333333 0.5416666666666666 0.013888888888888888 0.027777777777777776
0 0.022222222222222223 0.5638888888888889 0.041666666666666664 0.019444444444444445