0 0.21666666666666667 0.35555555555555557 0.025 0.05
0 0.7722222222222223 0.3611111111111111 0.019444444444444445 0.019444444444444445
0 0.37222222222222223 0.37222222222222223 0.025 0.05
0 0.49722222222222223 0.39166666666666666 0.016666666666666666 0.013888888888888888
0 0.8277777777777777 0.3972222222222222 0.013888888888888888 0.016666666666666666
0 0.525 0.4027777777777778 0.05 0.016666666666666666
0 0.32222222222222224 0.425 0.013888888888888888 0.016666666666666666
0 0.30277777777777776 0.425 0.013888888888888888 0.022222222222222223
0 0.7111111111111111 0.45555555555555555 0.06666666666666667 0.013888888888888888
0 0.37222222222222223 0.48333333333333334 0.04722222222222222 0.016666666666666666
0 0.03611111111111111 0.5444444444444444 0.025 0.030555555555555555