0 0.8611111111111112 0.38333333333333336 0.03888888888888889 0.025
0 0.5638888888888889 0.4027777777777778 0.027777777777777776 0.016666666666666666
0 0.8972222222222223 0.4083333333333333 0.05555555555555555 0.022222222222222223
0 0.5055555555555555 0.4111111111111111 0.025 0.016666666666666666
0 0.2861111111111111 0.4388888888888889 0.030555555555555555 0.022222222222222223
0 0.7305555555555555 0.45 0.041666666666666664 0.025
0 0.3611111111111111 0.4527777777777778 0.022222222222222223 0.016666666666666666
0 0.42777777777777776 0.4527777777777778 0.041666666666666664 0.030555555555555555
0 0.3388888888888889 0.46111111111111114 0.030555555555555555 0.03333333333333333
0 0.22777777777777777 0.525 0.041666666666666664 0.075
0 0.011111111111111112 0.5388888888888889 0.019444444444444445 0.030555555555555555
0 0.08055555555555556 0.55 0.03333333333333333 0.03333333333333333