0 0.8777777777777778 0.38055555555555554 0.027777777777777776 0.019444444444444445
0 0.9527777777777777 0.3972222222222222 0.05 0.013888888888888888
0 0.5361111111111111 0.4111111111111111 0.027777777777777776 0.022222222222222223
0 0.25555555555555554 0.4388888888888889 0.030555555555555555 0.019444444444444445
0 0.7222222222222222 0.44722222222222224 0.016666666666666666 0.027777777777777776
0 0.43333333333333335 0.45 0.03611111111111111 0.027777777777777776
0 0.3333333333333333 0.45 0.022222222222222223 0.016666666666666666
0 0.3472222222222222 0.4527777777777778 0.019444444444444445 0.03333333333333333
0 0.24722222222222223 0.525 0.06666666666666667 0.08888888888888889
0 0.011111111111111112 0.5333333333333333 0.022222222222222223 0.030555555555555555
0 0.08611111111111111 0.5555555555555556 0.025 0.030555555555555555