0 0.9888888888888889 0.39444444444444443 0.016666666666666666 0.019444444444444445
0 0.48333333333333334 0.41388888888888886 0.013888888888888888 0.022222222222222223
0 0.4666666666666667 0.4166666666666667 0.013888888888888888 0.022222222222222223
0 0.2638888888888889 0.42777777777777776 0.044444444444444446 0.06111111111111111
0 0.18888888888888888 0.43333333333333335 0.016666666666666666 0.016666666666666666
0 0.35 0.4388888888888889 0.022222222222222223 0.019444444444444445
0 0.06944444444444445 0.4638888888888889 0.016666666666666666 0.019444444444444445
0 0.675 0.4722222222222222 0.03611111111111111 0.016666666666666666
0 0.3111111111111111 0.475 0.027777777777777776 0.025
0 0.21666666666666667 0.5 0.019444444444444445 0.019444444444444445
0 0.07222222222222222 0.5222222222222223 0.016666666666666666 0.025
0 0.14444444444444443 0.5444444444444444 0.08888888888888889 0.03611111111111111