0 0.8111111111111111 0.36944444444444446 0.016666666666666666 0.022222222222222223
0 0.6722222222222223 0.3972222222222222 0.022222222222222223 0.019444444444444445
0 0.8972222222222223 0.4222222222222222 0.04722222222222222 0.019444444444444445
0 0.5611111111111111 0.4305555555555556 0.022222222222222223 0.013888888888888888
0 0.26666666666666666 0.4444444444444444 0.030555555555555555 0.019444444444444445
0 0.20555555555555555 0.45 0.03333333333333333 0.05555555555555555
0 0.7583333333333333 0.45555555555555555 0.044444444444444446 0.016666666666666666
0 0.3333333333333333 0.46111111111111114 0.03333333333333333 0.025
0 0.2916666666666667 0.48333333333333334 0.016666666666666666 0.030555555555555555
0 0.15 0.5222222222222223 0.030555555555555555 0.022222222222222223
0 0.06666666666666667 0.5388888888888889 0.041666666666666664 0.022222222222222223
0 0.011111111111111112 0.5388888888888889 0.022222222222222223 0.025