0 0.11666666666666667 0.3611111111111111 0.03333333333333333 0.058333333333333334
0 0.7888888888888889 0.4 0.022222222222222223 0.022222222222222223
0 0.8666666666666667 0.4083333333333333 0.044444444444444446 0.013888888888888888
0 0.2388888888888889 0.4111111111111111 0.022222222222222223 0.030555555555555555
0 0.7416666666666667 0.41388888888888886 0.030555555555555555 0.016666666666666666
0 0.275 0.4305555555555556 0.019444444444444445 0.05277777777777778
0 0.8888888888888888 0.43333333333333335 0.058333333333333334 0.027777777777777776
0 0.5694444444444444 0.4388888888888889 0.05277777777777778 0.013888888888888888
0 0.13333333333333333 0.5111111111111111 0.030555555555555555 0.027777777777777776
0 0.013888888888888888 0.5361111111111111 0.022222222222222223 0.030555555555555555
0 0.030555555555555555 0.5388888888888889 0.030555555555555555 0.030555555555555555
0 0.125 0.5416666666666666 0.03611111111111111 0.027777777777777776
0 0.06111111111111111 0.5611111111111111 0.030555555555555555 0.022222222222222223