0 0.8055555555555556 0.3 0.016666666666666666 0.019444444444444445
0 0.9138888888888889 0.31666666666666665 0.019444444444444445 0.016666666666666666
0 0.5277777777777778 0.3277777777777778 0.025 0.011111111111111112
0 0.6416666666666667 0.3416666666666667 0.030555555555555555 0.016666666666666666
0 0.55 0.42777777777777776 0.027777777777777776 0.03333333333333333
0 0.7 0.42777777777777776 0.03611111111111111 0.013888888888888888
0 0.030555555555555555 0.4583333333333333 0.019444444444444445 0.016666666666666666
0 0.005555555555555556 0.4638888888888889 0.008333333333333333 0.025
0 0.08611111111111111 0.48333333333333334 0.03333333333333333 0.019444444444444445
0 0.3416666666666667 0.5027777777777778 0.044444444444444446 0.013888888888888888
0 0.08888888888888889 0.5361111111111111 0.027777777777777776 0.016666666666666666