0 0.9861111111111112 0.3638888888888889 0.027777777777777776 0.027777777777777776
0 0.7111111111111111 0.39444444444444443 0.013888888888888888 0.025
0 0.7388888888888889 0.3972222222222222 0.027777777777777776 0.016666666666666666
0 0.17777777777777778 0.3972222222222222 0.05 0.058333333333333334
0 0.6166666666666667 0.4222222222222222 0.016666666666666666 0.013888888888888888
0 0.4777777777777778 0.42777777777777776 0.016666666666666666 0.011111111111111112
0 0.6583333333333333 0.4305555555555556 0.025 0.013888888888888888
0 0.8555555555555555 0.46111111111111114 0.06111111111111111 0.016666666666666666
0 0.11666666666666667 0.475 0.025 0.019444444444444445
0 0.225 0.475 0.013888888888888888 0.022222222222222223
0 0.3055555555555556 0.4861111111111111 0.03333333333333333 0.019444444444444445
0 0.14444444444444443 0.49722222222222223 0.041666666666666664 0.022222222222222223
0 0.10833333333333334 0.5361111111111111 0.022222222222222223 0.016666666666666666