0 0.8305555555555556 0.37777777777777777 0.030555555555555555 0.027777777777777776
0 0.6333333333333333 0.4 0.025 0.019444444444444445
0 0.5416666666666666 0.42777777777777776 0.025 0.016666666666666666
0 0.28888888888888886 0.4361111111111111 0.027777777777777776 0.022222222222222223
0 0.7972222222222223 0.45555555555555555 0.05555555555555555 0.013888888888888888
0 0.37777777777777777 0.45555555555555555 0.027777777777777776 0.016666666666666666
0 0.7722222222222223 0.46111111111111114 0.05 0.027777777777777776
0 0.3055555555555556 0.4722222222222222 0.03611111111111111 0.03611111111111111
0 0.3611111111111111 0.4722222222222222 0.027777777777777776 0.013888888888888888
0 0.21666666666666667 0.4777777777777778 0.03333333333333333 0.06388888888888888
0 0.15833333333333333 0.5222222222222223 0.025 0.019444444444444445
0 0.013888888888888888 0.5361111111111111 0.022222222222222223 0.030555555555555555
0 0.03333333333333333 0.5416666666666666 0.030555555555555555 0.025
0 0.08055555555555556 0.5416666666666666 0.025 0.022222222222222223