0 0.7333333333333333 0.37222222222222223 0.016666666666666666 0.019444444444444445
0 0.6944444444444444 0.39166666666666666 0.030555555555555555 0.016666666666666666
0 0.19444444444444445 0.42777777777777776 0.027777777777777776 0.058333333333333334
0 0.6944444444444444 0.44166666666666665 0.030555555555555555 0.022222222222222223
0 0.8111111111111111 0.4527777777777778 0.04722222222222222 0.022222222222222223
0 0.8111111111111111 0.4666666666666667 0.058333333333333334 0.013888888888888888
0 0.36666666666666664 0.4722222222222222 0.05277777777777778 0.022222222222222223
0 0.18611111111111112 0.475 0.027777777777777776 0.022222222222222223
0 0.2361111111111111 0.4777777777777778 0.03333333333333333 0.019444444444444445
0 0.2222222222222222 0.49444444444444446 0.025 0.013888888888888888
0 0.31666666666666665 0.49722222222222223 0.03333333333333333 0.027777777777777776
0 0.05 0.5 0.019444444444444445 0.016666666666666666
0 0.008333333333333333 0.5416666666666666 0.013888888888888888 0.027777777777777776
0 0.019444444444444445 0.5583333333333333 0.03888888888888889 0.030555555555555555