0 0.8361111111111111 0.37777777777777777 0.027777777777777776 0.025
0 0.6222222222222222 0.4 0.022222222222222223 0.019444444444444445
0 0.5361111111111111 0.42777777777777776 0.022222222222222223 0.016666666666666666
0 0.28888888888888886 0.4361111111111111 0.025 0.025
0 0.8166666666666667 0.45 0.058333333333333334 0.025
0 0.7611111111111111 0.4583333333333333 0.05277777777777778 0.025
0 0.3111111111111111 0.4722222222222222 0.05 0.03333333333333333
0 0.21944444444444444 0.4888888888888889 0.030555555555555555 0.05277777777777778
0 0.1638888888888889 0.5194444444444445 0.025 0.022222222222222223
0 0.011111111111111112 0.5361111111111111 0.019444444444444445 0.025
0 0.027777777777777776 0.5388888888888889 0.013888888888888888 0.025
0 0.08055555555555556 0.5416666666666666 0.03333333333333333 0.019444444444444445