0 0.9083333333333333 0.3888888888888889 0.027777777777777776 0.022222222222222223
0 0.9916666666666667 0.4027777777777778 0.016666666666666666 0.016666666666666666
0 0.4888888888888889 0.41388888888888886 0.025 0.016666666666666666
0 0.225 0.4388888888888889 0.022222222222222223 0.019444444444444445
0 0.43333333333333335 0.4444444444444444 0.022222222222222223 0.027777777777777776
0 0.35 0.4444444444444444 0.022222222222222223 0.044444444444444446
0 0.3333333333333333 0.45 0.019444444444444445 0.019444444444444445
0 0.7277777777777777 0.45 0.03611111111111111 0.019444444444444445
0 0.25 0.4666666666666667 0.016666666666666666 0.019444444444444445
0 0.3611111111111111 0.49166666666666664 0.06111111111111111 0.025
0 0.008333333333333333 0.5277777777777778 0.016666666666666666 0.019444444444444445
0 0.24444444444444444 0.5333333333333333 0.05277777777777778 0.07222222222222222
0 0.13055555555555556 0.5444444444444444 0.05277777777777778 0.030555555555555555
0 0.011111111111111112 0.55 0.019444444444444445 0.025