0 0.9138888888888889 0.3888888888888889 0.025 0.025
0 0.48333333333333334 0.41388888888888886 0.027777777777777776 0.016666666666666666
0 0.2222222222222222 0.4388888888888889 0.025 0.019444444444444445
0 0.43333333333333335 0.4444444444444444 0.022222222222222223 0.027777777777777776
0 0.3527777777777778 0.4444444444444444 0.027777777777777776 0.03333333333333333
0 0.33611111111111114 0.44722222222222224 0.016666666666666666 0.019444444444444445
0 0.725 0.44722222222222224 0.03611111111111111 0.022222222222222223
0 0.25277777777777777 0.4666666666666667 0.011111111111111112 0.022222222222222223
0 0.36666666666666664 0.49444444444444446 0.06388888888888888 0.022222222222222223
0 0.011111111111111112 0.5277777777777778 0.019444444444444445 0.019444444444444445
0 0.25 0.5277777777777778 0.075 0.07777777777777778
0 0.13333333333333333 0.5444444444444444 0.06666666666666667 0.027777777777777776
0 0.016666666666666666 0.5472222222222223 0.030555555555555555 0.019444444444444445