0 0.2222222222222222 0.375 0.07222222222222222 0.044444444444444446
0 0.2638888888888889 0.3972222222222222 0.027777777777777776 0.016666666666666666
0 0.4888888888888889 0.4 0.016666666666666666 0.013888888888888888
0 0.7361111111111112 0.40555555555555556 0.05277777777777778 0.025
0 0.85 0.4111111111111111 0.022222222222222223 0.019444444444444445
0 0.2861111111111111 0.41944444444444445 0.03611111111111111 0.04722222222222222
0 0.30277777777777776 0.41944444444444445 0.025 0.011111111111111112
0 0.325 0.45 0.022222222222222223 0.011111111111111112
0 0.5 0.4527777777777778 0.03611111111111111 0.011111111111111112
0 0.8444444444444444 0.45555555555555555 0.030555555555555555 0.016666666666666666
0 0.1638888888888889 0.5083333333333333 0.019444444444444445 0.019444444444444445
0 0.016666666666666666 0.5361111111111111 0.016666666666666666 0.022222222222222223
0 0.027777777777777776 0.6055555555555555 0.03611111111111111 0.03333333333333333