0 0.8611111111111112 0.37777777777777777 0.030555555555555555 0.019444444444444445
0 0.9083333333333333 0.40555555555555556 0.05 0.022222222222222223
0 0.5611111111111111 0.40555555555555556 0.03333333333333333 0.025
0 0.5027777777777778 0.4111111111111111 0.025 0.013888888888888888
0 0.28055555555555556 0.4388888888888889 0.025 0.025
0 0.7277777777777777 0.4444444444444444 0.027777777777777776 0.022222222222222223
0 0.4305555555555556 0.4527777777777778 0.044444444444444446 0.03333333333333333
0 0.35 0.4527777777777778 0.030555555555555555 0.025
0 0.33611111111111114 0.46111111111111114 0.03333333333333333 0.03611111111111111
0 0.23333333333333334 0.5277777777777778 0.03611111111111111 0.07777777777777778
0 0.011111111111111112 0.5333333333333333 0.019444444444444445 0.027777777777777776
0 0.08333333333333333 0.55 0.022222222222222223 0.019444444444444445