0 0.20277777777777778 0.44722222222222224 0.03333333333333333 0.058333333333333334
0 0.06388888888888888 0.5416666666666666 0.04722222222222222 0.019444444444444445
0 0.28888888888888886 0.48333333333333334 0.019444444444444445 0.030555555555555555
0 0.2611111111111111 0.4444444444444444 0.027777777777777776 0.019444444444444445
0 0.3277777777777778 0.46111111111111114 0.03888888888888889 0.025
0 0.37222222222222223 0.4638888888888889 0.013888888888888888 0.019444444444444445
0 0.6722222222222223 0.3972222222222222 0.022222222222222223 0.019444444444444445
0 0.8916666666666667 0.4222222222222222 0.05277777777777778 0.025
0 0.8055555555555556 0.36666666666666664 0.016666666666666666 0.025
0 0.7472222222222222 0.45555555555555555 0.044444444444444446 0.013888888888888888
0 0.5611111111111111 0.42777777777777776 0.025 0.016666666666666666
0 0.15 0.5222222222222223 0.022222222222222223 0.019444444444444445
0 0.013888888888888888 0.5388888888888889 0.022222222222222223 0.025
0 0.2361111111111111 0.5 0.027777777777777776 0.013888888888888888