0 0.9055555555555556 0.3888888888888889 0.027777777777777776 0.025
0 0.9888888888888889 0.4027777777777778 0.022222222222222223 0.019444444444444445
0 0.49722222222222223 0.4166666666666667 0.030555555555555555 0.025
0 0.4638888888888889 0.43333333333333335 0.016666666666666666 0.016666666666666666
0 0.23055555555555557 0.4388888888888889 0.019444444444444445 0.019444444444444445
0 0.3527777777777778 0.4444444444444444 0.025 0.03333333333333333
0 0.43333333333333335 0.4444444444444444 0.025 0.027777777777777776
0 0.3333333333333333 0.44722222222222224 0.019444444444444445 0.016666666666666666
0 0.725 0.44722222222222224 0.03888888888888889 0.022222222222222223
0 0.25 0.4666666666666667 0.019444444444444445 0.016666666666666666
0 0.3611111111111111 0.49166666666666664 0.058333333333333334 0.025
0 0.011111111111111112 0.5277777777777778 0.019444444444444445 0.022222222222222223
0 0.24444444444444444 0.5305555555555556 0.06111111111111111 0.075
0 0.125 0.5472222222222223 0.05277777777777778 0.025