0 0.14166666666666666 0.36666666666666664 0.05555555555555555 0.06388888888888888
0 0.925 0.375 0.05 0.022222222222222223
0 0.7666666666666667 0.40555555555555556 0.022222222222222223 0.013888888888888888
0 0.6194444444444445 0.43333333333333335 0.041666666666666664 0.013888888888888888
0 0.8972222222222223 0.4388888888888889 0.027777777777777776 0.019444444444444445
0 0.2388888888888889 0.4388888888888889 0.022222222222222223 0.019444444444444445
0 0.19722222222222222 0.44166666666666665 0.025 0.013888888888888888
0 0.26944444444444443 0.4527777777777778 0.025 0.03333333333333333
0 0.21944444444444444 0.5 0.041666666666666664 0.019444444444444445
0 0.07777777777777778 0.5138888888888888 0.05 0.030555555555555555
0 0.19166666666666668 0.5138888888888888 0.030555555555555555 0.03333333333333333
0 0.008333333333333333 0.5388888888888889 0.013888888888888888 0.030555555555555555