0 0.1388888888888889 0.36666666666666664 0.04722222222222222 0.07222222222222222
0 0.9166666666666666 0.38055555555555554 0.05277777777777778 0.03611111111111111
0 0.7694444444444445 0.40555555555555556 0.025 0.019444444444444445
0 0.6138888888888889 0.43333333333333335 0.03888888888888889 0.013888888888888888
0 0.2 0.4388888888888889 0.025 0.019444444444444445
0 0.8972222222222223 0.4388888888888889 0.025 0.013888888888888888
0 0.24444444444444444 0.4388888888888889 0.016666666666666666 0.025
0 0.26944444444444443 0.45 0.025 0.03611111111111111
0 0.18611111111111112 0.5166666666666667 0.030555555555555555 0.022222222222222223
0 0.075 0.5166666666666667 0.03611111111111111 0.019444444444444445
0 0.008333333333333333 0.5388888888888889 0.013888888888888888 0.019444444444444445