0 0.7694444444444445 0.36666666666666664 0.027777777777777776 0.025
0 0.6805555555555556 0.4 0.030555555555555555 0.013888888888888888
0 0.5027777777777778 0.4305555555555556 0.011111111111111112 0.013888888888888888
0 0.5777777777777777 0.4305555555555556 0.019444444444444445 0.013888888888888888
0 0.19444444444444445 0.43333333333333335 0.030555555555555555 0.058333333333333334
0 0.8444444444444444 0.4388888888888889 0.05555555555555555 0.025
0 0.7111111111111111 0.45 0.041666666666666664 0.019444444444444445
0 0.2222222222222222 0.46111111111111114 0.03333333333333333 0.025
0 0.8 0.4666666666666667 0.044444444444444446 0.019444444444444445
0 0.35 0.48333333333333334 0.025 0.027777777777777776
0 0.22777777777777777 0.49722222222222223 0.027777777777777776 0.013888888888888888
0 0.1388888888888889 0.525 0.013888888888888888 0.016666666666666666
0 0.005555555555555556 0.5444444444444444 0.011111111111111112 0.022222222222222223
0 0.05 0.5527777777777778 0.058333333333333334 0.025