0 0.12777777777777777 0.3638888888888889 0.03611111111111111 0.05555555555555555
0 0.8888888888888888 0.3972222222222222 0.044444444444444446 0.025
0 0.7805555555555556 0.4027777777777778 0.027777777777777776 0.016666666666666666
0 0.7222222222222222 0.4222222222222222 0.019444444444444445 0.016666666666666666
0 0.2222222222222222 0.4222222222222222 0.019444444444444445 0.019444444444444445
0 0.25 0.4305555555555556 0.016666666666666666 0.016666666666666666
0 0.9055555555555556 0.43333333333333335 0.044444444444444446 0.019444444444444445
0 0.5888888888888889 0.43333333333333335 0.04722222222222222 0.016666666666666666
0 0.2722222222222222 0.44166666666666665 0.025 0.044444444444444446
0 0.19444444444444445 0.5083333333333333 0.05277777777777778 0.025
0 0.11666666666666667 0.5111111111111111 0.013888888888888888 0.025
0 0.1527777777777778 0.525 0.025 0.025
0 0.05 0.5277777777777778 0.03333333333333333 0.027777777777777776
0 0.013888888888888888 0.5333333333333333 0.025 0.03888888888888889
0 0.03888888888888889 0.5472222222222223 0.025 0.016666666666666666
0 0.07222222222222222 0.5555555555555556 0.019444444444444445 0.016666666666666666