0 0.8083333333333333 0.375 0.019444444444444445 0.016666666666666666
0 0.28888888888888886 0.39166666666666666 0.075 0.044444444444444446
0 0.6777777777777778 0.4027777777777778 0.05555555555555555 0.022222222222222223
0 0.49722222222222223 0.40555555555555556 0.013888888888888888 0.016666666666666666
0 0.3333333333333333 0.4111111111111111 0.022222222222222223 0.019444444444444445
0 0.2833333333333333 0.41388888888888886 0.03611111111111111 0.044444444444444446
0 0.8416666666666667 0.45555555555555555 0.030555555555555555 0.022222222222222223
0 0.4722222222222222 0.4583333333333333 0.05555555555555555 0.016666666666666666
0 0.03888888888888889 0.5 0.016666666666666666 0.019444444444444445
0 0.1361111111111111 0.5111111111111111 0.03888888888888889 0.022222222222222223
0 0.005555555555555556 0.5277777777777778 0.008333333333333333 0.027777777777777776