0 0.7777777777777778 0.36666666666666664 0.030555555555555555 0.019444444444444445
0 0.6777777777777778 0.3972222222222222 0.025 0.019444444444444445
0 0.5027777777777778 0.42777777777777776 0.011111111111111112 0.019444444444444445
0 0.5722222222222222 0.42777777777777776 0.025 0.013888888888888888
0 0.19444444444444445 0.43333333333333335 0.025 0.058333333333333334
0 0.8444444444444444 0.44166666666666665 0.05277777777777778 0.025
0 0.7166666666666667 0.45 0.044444444444444446 0.019444444444444445
0 0.23055555555555557 0.45555555555555555 0.030555555555555555 0.025
0 0.3527777777777778 0.48055555555555557 0.025 0.027777777777777776
0 0.22777777777777777 0.49722222222222223 0.030555555555555555 0.016666666666666666
0 0.14166666666666666 0.525 0.016666666666666666 0.013888888888888888
0 0.05277777777777778 0.55 0.05555555555555555 0.016666666666666666