0 0.9861111111111112 0.39444444444444443 0.016666666666666666 0.022222222222222223
0 0.48055555555555557 0.4083333333333333 0.03333333333333333 0.022222222222222223
0 0.46111111111111114 0.425 0.019444444444444445 0.025
0 0.2722222222222222 0.42777777777777776 0.05555555555555555 0.06111111111111111
0 0.18333333333333332 0.43333333333333335 0.013888888888888888 0.016666666666666666
0 0.35833333333333334 0.43333333333333335 0.025 0.013888888888888888
0 0.07777777777777778 0.45555555555555555 0.025 0.013888888888888888
0 0.30277777777777776 0.4638888888888889 0.025 0.022222222222222223
0 0.6861111111111111 0.4777777777777778 0.03611111111111111 0.016666666666666666
0 0.35 0.4777777777777778 0.022222222222222223 0.025
0 0.21388888888888888 0.48333333333333334 0.011111111111111112 0.022222222222222223
0 0.06944444444444445 0.525 0.022222222222222223 0.027777777777777776
0 0.18333333333333332 0.5333333333333333 0.07777777777777778 0.025
0 0.025 0.5444444444444444 0.022222222222222223 0.019444444444444445