0 0.24166666666666667 0.38055555555555554 0.07222222222222222 0.041666666666666664
0 0.49166666666666664 0.4 0.011111111111111112 0.013888888888888888
0 0.26666666666666666 0.4 0.030555555555555555 0.013888888888888888
0 0.7194444444444444 0.4027777777777778 0.058333333333333334 0.025
0 0.85 0.41388888888888886 0.027777777777777776 0.019444444444444445
0 0.3111111111111111 0.4166666666666667 0.016666666666666666 0.008333333333333333
0 0.2861111111111111 0.4222222222222222 0.03611111111111111 0.04722222222222222
0 0.3194444444444444 0.45 0.016666666666666666 0.008333333333333333
0 0.49444444444444446 0.4527777777777778 0.041666666666666664 0.008333333333333333
0 0.8444444444444444 0.46111111111111114 0.022222222222222223 0.025
0 0.16111111111111112 0.5111111111111111 0.019444444444444445 0.019444444444444445
0 0.016666666666666666 0.5333333333333333 0.025 0.027777777777777776
0 0.022222222222222223 0.6138888888888889 0.041666666666666664 0.044444444444444446