0 0.23333333333333334 0.37222222222222223 0.06666666666666667 0.05
0 0.26666666666666666 0.3972222222222222 0.027777777777777776 0.022222222222222223
0 0.4888888888888889 0.4 0.016666666666666666 0.013888888888888888
0 0.725 0.4027777777777778 0.06111111111111111 0.019444444444444445
0 0.8527777777777777 0.4111111111111111 0.027777777777777776 0.013888888888888888
0 0.3055555555555556 0.4166666666666667 0.019444444444444445 0.013888888888888888
0 0.28888888888888886 0.41944444444444445 0.044444444444444446 0.03888888888888889
0 0.325 0.45 0.016666666666666666 0.005555555555555556
0 0.49722222222222223 0.4527777777777778 0.03333333333333333 0.013888888888888888
0 0.8444444444444444 0.46111111111111114 0.03333333333333333 0.019444444444444445
0 0.16111111111111112 0.5083333333333333 0.016666666666666666 0.019444444444444445
0 0.013888888888888888 0.5333333333333333 0.025 0.030555555555555555
0 0.022222222222222223 0.6111111111111112 0.041666666666666664 0.030555555555555555