0 0.15833333333333333 0.36666666666666664 0.09166666666666666 0.06388888888888888
0 0.8027777777777778 0.38333333333333336 0.022222222222222223 0.016666666666666666
0 0.2611111111111111 0.3888888888888889 0.022222222222222223 0.016666666666666666
0 0.4777777777777778 0.4 0.016666666666666666 0.016666666666666666
0 0.7888888888888889 0.4083333333333333 0.05277777777777778 0.025
0 0.8277777777777777 0.4166666666666667 0.022222222222222223 0.019444444444444445
0 0.2861111111111111 0.41944444444444445 0.03611111111111111 0.05
0 0.5222222222222223 0.45 0.041666666666666664 0.013888888888888888
0 0.85 0.4527777777777778 0.04722222222222222 0.030555555555555555
0 0.17222222222222222 0.5083333333333333 0.013888888888888888 0.016666666666666666
0 0.05 0.5111111111111111 0.022222222222222223 0.027777777777777776
0 0.016666666666666666 0.5388888888888889 0.013888888888888888 0.019444444444444445
0 0.05555555555555555 0.5833333333333334 0.022222222222222223 0.030555555555555555
0 0.016666666666666666 0.5861111111111111 0.025 0.03333333333333333