0 0.21666666666666667 0.35555555555555557 0.044444444444444446 0.04722222222222222
0 0.7722222222222223 0.3611111111111111 0.019444444444444445 0.013888888888888888
0 0.37222222222222223 0.36944444444444446 0.041666666666666664 0.041666666666666664
0 0.4888888888888889 0.39166666666666666 0.022222222222222223 0.019444444444444445
0 0.5222222222222223 0.4 0.05 0.025
0 0.825 0.4 0.016666666666666666 0.016666666666666666
0 0.32222222222222224 0.42777777777777776 0.019444444444444445 0.016666666666666666
0 0.30277777777777776 0.4305555555555556 0.013888888888888888 0.013888888888888888
0 0.7055555555555556 0.4583333333333333 0.06944444444444445 0.025
0 0.36666666666666664 0.48333333333333334 0.041666666666666664 0.013888888888888888
0 0.030555555555555555 0.5472222222222223 0.022222222222222223 0.030555555555555555