0 0.20555555555555555 0.45 0.18888888888888888 0.05
0 0.30833333333333335 0.4527777777777778 0.06944444444444445 0.06111111111111111
0 0.3611111111111111 0.45555555555555555 0.022222222222222223 0.03333333333333333
0 0.4777777777777778 0.44166666666666665 0.075 0.058333333333333334
0 0.4583333333333333 0.5 0.03611111111111111 0.041666666666666664
0 0.6666666666666666 0.4222222222222222 0.05555555555555555 0.041666666666666664
0 0.6027777777777777 0.5027777777777778 0.03333333333333333 0.022222222222222223
0 0.6972222222222222 0.5166666666666667 0.058333333333333334 0.027777777777777776
0 0.8666666666666667 0.525 0.058333333333333334 0.03611111111111111
0 0.5472222222222223 0.6138888888888889 0.06111111111111111 0.03333333333333333
0 0.825 0.525 0.027777777777777776 0.022222222222222223