0 0.08333333333333333 0.45 0.16666666666666666 0.04722222222222222
0 0.18611111111111112 0.4222222222222222 0.11666666666666667 0.058333333333333334
0 0.4444444444444444 0.45555555555555555 0.07222222222222222 0.041666666666666664
0 0.35555555555555557 0.45 0.019444444444444445 0.027777777777777776
0 0.49166666666666664 0.49722222222222223 0.041666666666666664 0.041666666666666664
0 0.5638888888888889 0.5111111111111111 0.044444444444444446 0.025
0 0.6388888888888888 0.4222222222222222 0.041666666666666664 0.03611111111111111
0 0.7638888888888888 0.5527777777777778 0.08611111111111111 0.03888888888888889
0 0.6861111111111111 0.6444444444444445 0.08055555555555556 0.03333333333333333
0 0.7861111111111111 0.5305555555555556 0.09444444444444444 0.041666666666666664
0 0.8194444444444444 0.5194444444444445 0.03611111111111111 0.022222222222222223