0 0.35 0.48333333333333334 0.025 0.03333333333333333
0 0.37222222222222223 0.5055555555555555 0.05277777777777778 0.030555555555555555
0 0.5222222222222223 0.6055555555555555 0.075 0.027777777777777776
0 0.4861111111111111 0.4638888888888889 0.18888888888888888 0.06388888888888888
0 0.5222222222222223 0.3972222222222222 0.041666666666666664 0.044444444444444446
0 0.44722222222222224 0.48333333333333334 0.08055555555555556 0.03333333333333333
0 0.6111111111111112 0.5027777777777778 0.08055555555555556 0.027777777777777776
0 0.7833333333333333 0.46111111111111114 0.1 0.04722222222222222
0 0.6833333333333333 0.5222222222222223 0.027777777777777776 0.025
0 0.7722222222222223 0.5333333333333333 0.05277777777777778 0.025
0 0.9361111111111111 0.5111111111111111 0.09722222222222222 0.03611111111111111