0 0.075 0.44722222222222224 0.14722222222222223 0.05
0 0.17777777777777778 0.425 0.11944444444444445 0.06388888888888888
0 0.35555555555555557 0.45 0.019444444444444445 0.025
0 0.4361111111111111 0.4638888888888889 0.06388888888888888 0.044444444444444446
0 0.4888888888888889 0.49444444444444446 0.027777777777777776 0.041666666666666664
0 0.5583333333333333 0.5111111111111111 0.041666666666666664 0.022222222222222223
0 0.6277777777777778 0.4222222222222222 0.044444444444444446 0.03333333333333333
0 0.7277777777777777 0.6444444444444445 0.08611111111111111 0.03333333333333333
0 0.7777777777777778 0.5305555555555556 0.09722222222222222 0.041666666666666664
0 0.7777777777777778 0.5611111111111111 0.08888888888888889 0.03888888888888889
0 0.8166666666666667 0.5222222222222223 0.041666666666666664 0.027777777777777776