0 0.18055555555555555 0.4527777777777778 0.18888888888888888 0.03888888888888889
0 0.2833333333333333 0.44722222222222224 0.09166666666666666 0.06111111111111111
0 0.48055555555555557 0.4444444444444444 0.07222222222222222 0.04722222222222222
0 0.46111111111111114 0.49722222222222223 0.03333333333333333 0.041666666666666664
0 0.5972222222222222 0.5027777777777778 0.044444444444444446 0.022222222222222223
0 0.6638888888888889 0.41944444444444445 0.04722222222222222 0.03611111111111111
0 0.7083333333333334 0.5222222222222223 0.06111111111111111 0.03333333333333333
0 0.8527777777777777 0.525 0.075 0.044444444444444446
0 0.5555555555555556 0.6166666666666667 0.05555555555555555 0.03333333333333333
0 0.35833333333333334 0.45555555555555555 0.025 0.03888888888888889
0 0.8222222222222222 0.5222222222222223 0.03333333333333333 0.022222222222222223