0 0.06388888888888888 0.44722222222222224 0.12777777777777777 0.06111111111111111
0 0.1638888888888889 0.425 0.125 0.06388888888888888
0 0.35555555555555557 0.44722222222222224 0.022222222222222223 0.022222222222222223
0 0.4305555555555556 0.4666666666666667 0.07222222222222222 0.044444444444444446
0 0.49166666666666664 0.49722222222222223 0.027777777777777776 0.041666666666666664
0 0.55 0.5111111111111111 0.03611111111111111 0.022222222222222223
0 0.625 0.425 0.044444444444444446 0.03611111111111111
0 0.7722222222222223 0.5277777777777778 0.08055555555555556 0.03611111111111111
0 0.8083333333333333 0.5222222222222223 0.030555555555555555 0.03333333333333333
0 0.7972222222222223 0.5694444444444444 0.08888888888888889 0.044444444444444446
0 0.7861111111111111 0.6555555555555556 0.08055555555555556 0.03888888888888889