0 0.8444444444444444 0.3416666666666667 0.12777777777777777 0.08333333333333333
0 0.4361111111111111 0.34444444444444444 0.027777777777777776 0.05
0 0.46111111111111114 0.37777777777777777 0.05 0.06111111111111111
0 0.7416666666666667 0.39166666666666666 0.025 0.041666666666666664
0 0.9638888888888889 0.41944444444444445 0.06666666666666667 0.03333333333333333
0 0.6416666666666667 0.43333333333333335 0.044444444444444446 0.03611111111111111
0 0.9694444444444444 0.44722222222222224 0.05555555555555555 0.030555555555555555
0 0.7777777777777778 0.45555555555555555 0.041666666666666664 0.03888888888888889
0 0.8027777777777778 0.4583333333333333 0.03333333333333333 0.03611111111111111
0 0.9888888888888889 0.46944444444444444 0.022222222222222223 0.041666666666666664
0 0.6194444444444445 0.475 0.025 0.030555555555555555
0 0.725 0.48333333333333334 0.03333333333333333 0.04722222222222222
0 0.6805555555555556 0.4888888888888889 0.041666666666666664 0.03888888888888889
0 0.8694444444444445 0.2638888888888889 0.2361111111111111 0.08888888888888889