0 0.35555555555555557 0.2361111111111111 0.08888888888888889 0.030555555555555555
0 0.8111111111111111 0.2722222222222222 0.21944444444444444 0.10833333333333334
0 0.8 0.35 0.09444444444444444 0.08055555555555556
0 0.95 0.41944444444444445 0.07222222222222222 0.030555555555555555
0 0.9555555555555556 0.44722222222222224 0.058333333333333334 0.030555555555555555
0 0.9805555555555555 0.4666666666666667 0.03611111111111111 0.03888888888888889
0 0.7444444444444445 0.39166666666666666 0.025 0.041666666666666664
0 0.45 0.3527777777777778 0.03611111111111111 0.058333333333333334
0 0.4527777777777778 0.39444444444444443 0.03611111111111111 0.06666666666666667
0 0.6333333333333333 0.4305555555555556 0.041666666666666664 0.03888888888888889
0 0.775 0.45555555555555555 0.05555555555555555 0.04722222222222222
0 0.7333333333333333 0.49444444444444446 0.019444444444444445 0.03611111111111111
0 0.6166666666666667 0.4888888888888889 0.027777777777777776 0.05
0 0.675 0.48333333333333334 0.044444444444444446 0.030555555555555555
0 0.8166666666666667 0.4583333333333333 0.019444444444444445 0.03888888888888889