0 0.39166666666666666 0.3416666666666667 0.03611111111111111 0.05277777777777778
0 0.6583333333333333 0.3416666666666667 0.17777777777777778 0.08888888888888889
0 0.5666666666666667 0.35 0.05277777777777778 0.058333333333333334
0 0.65 0.4 0.03333333333333333 0.044444444444444446
0 0.49166666666666664 0.4027777777777778 0.030555555555555555 0.03333333333333333
0 0.6833333333333333 0.41388888888888886 0.030555555555555555 0.030555555555555555
0 0.8222222222222222 0.42777777777777776 0.08055555555555556 0.05555555555555555
0 0.7638888888888888 0.43333333333333335 0.030555555555555555 0.03888888888888889
0 0.5 0.44166666666666665 0.041666666666666664 0.03611111111111111
0 0.875 0.4444444444444444 0.08611111111111111 0.041666666666666664
0 0.8944444444444445 0.44722222222222224 0.10555555555555556 0.03888888888888889
0 0.7888888888888889 0.4638888888888889 0.03333333333333333 0.03611111111111111
0 0.8222222222222222 0.4722222222222222 0.044444444444444446 0.030555555555555555
0 0.8833333333333333 0.4777777777777778 0.030555555555555555 0.03333333333333333
0 0.6166666666666667 0.5166666666666667 0.07222222222222222 0.03333333333333333
0 0.49444444444444446 0.25277777777777777 0.06111111111111111 0.06666666666666667