0 0.4166666666666667 0.3111111111111111 0.030555555555555555 0.06944444444444445
0 0.7277777777777777 0.33055555555555555 0.17777777777777778 0.1
0 0.5888888888888889 0.3333333333333333 0.044444444444444446 0.06666666666666667
0 0.6722222222222223 0.39444444444444443 0.04722222222222222 0.041666666666666664
0 0.49722222222222223 0.4027777777777778 0.027777777777777776 0.027777777777777776
0 0.8722222222222222 0.4222222222222222 0.11388888888888889 0.06111111111111111
0 0.5277777777777778 0.24166666666666667 0.07222222222222222 0.041666666666666664
0 0.48333333333333334 0.4388888888888889 0.04722222222222222 0.044444444444444446
0 0.7888888888888889 0.4444444444444444 0.03888888888888889 0.03611111111111111
0 0.9333333333333333 0.44722222222222224 0.11388888888888889 0.05555555555555555
0 0.9333333333333333 0.45555555555555555 0.11388888888888889 0.05
0 0.6555555555555556 0.4666666666666667 0.08055555555555556 0.041666666666666664
0 0.7972222222222223 0.4777777777777778 0.027777777777777776 0.03888888888888889
0 0.8444444444444444 0.4777777777777778 0.05277777777777778 0.044444444444444446
0 0.8944444444444445 0.48055555555555557 0.03888888888888889 0.030555555555555555
0 0.6527777777777778 0.5222222222222223 0.06111111111111111 0.03611111111111111