0 0.4166666666666667 0.3111111111111111 0.03333333333333333 0.06388888888888888
0 0.7583333333333333 0.3277777777777778 0.18888888888888888 0.10277777777777777
0 0.5916666666666667 0.3333333333333333 0.041666666666666664 0.05277777777777778
0 0.6694444444444444 0.39166666666666666 0.044444444444444446 0.04722222222222222
0 0.5 0.3972222222222222 0.022222222222222223 0.03611111111111111
0 0.5333333333333333 0.2388888888888889 0.07222222222222222 0.03333333333333333
0 0.8666666666666667 0.425 0.09444444444444444 0.058333333333333334
0 0.4777777777777778 0.43333333333333335 0.05 0.04722222222222222
0 0.7944444444444444 0.44166666666666665 0.03611111111111111 0.05
0 0.9388888888888889 0.45 0.1111111111111111 0.04722222222222222
0 0.9361111111111111 0.4527777777777778 0.10833333333333334 0.044444444444444446
0 0.6666666666666666 0.4583333333333333 0.07222222222222222 0.03333333333333333
0 0.85 0.4777777777777778 0.075 0.03333333333333333
0 0.8 0.4777777777777778 0.025 0.03611111111111111
0 0.9 0.4777777777777778 0.044444444444444446 0.03333333333333333
0 0.6527777777777778 0.5194444444444445 0.05 0.03333333333333333