0 0.4222222222222222 0.29444444444444445 0.030555555555555555 0.07777777777777778
0 0.6027777777777777 0.3138888888888889 0.027777777777777776 0.07777777777777778
0 0.8027777777777778 0.3277777777777778 0.2111111111111111 0.09722222222222222
0 0.5638888888888889 0.23333333333333334 0.08055555555555556 0.025
0 0.675 0.38333333333333336 0.041666666666666664 0.05555555555555555
0 0.5055555555555555 0.39166666666666666 0.022222222222222223 0.03611111111111111
0 0.8805555555555555 0.4222222222222222 0.09444444444444444 0.06388888888888888
0 0.4638888888888889 0.4222222222222222 0.06944444444444445 0.058333333333333334
0 0.8166666666666667 0.4388888888888889 0.06666666666666667 0.03611111111111111
0 0.9388888888888889 0.45 0.10555555555555556 0.044444444444444446
0 0.6694444444444444 0.4583333333333333 0.07222222222222222 0.05277777777777778
0 0.8055555555555556 0.4722222222222222 0.03333333333333333 0.03333333333333333
0 0.8666666666666667 0.4777777777777778 0.07777777777777778 0.041666666666666664
0 0.9 0.48055555555555557 0.044444444444444446 0.03333333333333333
0 0.6611111111111111 0.5166666666666667 0.05277777777777778 0.03333333333333333