0 0.4 0.33611111111111114 0.03611111111111111 0.05
0 0.6972222222222222 0.3388888888888889 0.17777777777777778 0.08888888888888889
0 0.5861111111111111 0.3416666666666667 0.06111111111111111 0.06111111111111111
0 0.6666666666666666 0.4 0.04722222222222222 0.04722222222222222
0 0.49722222222222223 0.4083333333333333 0.03611111111111111 0.03333333333333333
0 0.8527777777777777 0.425 0.09722222222222222 0.05277777777777778
0 0.7722222222222223 0.44166666666666665 0.03333333333333333 0.03611111111111111
0 0.4888888888888889 0.4444444444444444 0.05555555555555555 0.03888888888888889
0 0.9055555555555556 0.45555555555555555 0.1 0.04722222222222222
0 0.9111111111111111 0.46111111111111114 0.08333333333333333 0.06111111111111111
0 0.6472222222222223 0.46944444444444444 0.08611111111111111 0.044444444444444446
0 0.8333333333333334 0.475 0.04722222222222222 0.041666666666666664
0 0.7916666666666666 0.4777777777777778 0.044444444444444446 0.041666666666666664
0 0.8861111111111111 0.4861111111111111 0.03611111111111111 0.027777777777777776
0 0.5222222222222223 0.25 0.06944444444444445 0.058333333333333334
0 0.6333333333333333 0.5222222222222223 0.06388888888888888 0.027777777777777776