0 0.4111111111111111 0.3638888888888889 0.10833333333333334 0.05
0 0.43333333333333335 0.3472222222222222 0.07777777777777778 0.06388888888888888
0 0.4166666666666667 0.29444444444444445 0.05555555555555555 0.05277777777777778
0 0.9222222222222223 0.3333333333333333 0.13333333333333333 0.125
0 0.9527777777777777 0.4388888888888889 0.075 0.041666666666666664
0 0.9777777777777777 0.40555555555555556 0.041666666666666664 0.041666666666666664
0 0.7222222222222222 0.4388888888888889 0.03611111111111111 0.041666666666666664
0 0.6055555555555555 0.4166666666666667 0.03333333333333333 0.041666666666666664
0 0.32222222222222224 0.39166666666666666 0.022222222222222223 0.030555555555555555
0 0.75 0.44166666666666665 0.05277777777777778 0.03333333333333333
0 0.4777777777777778 0.4305555555555556 0.05277777777777778 0.03888888888888889