0 0.8388888888888889 0.34444444444444444 0.125 0.08333333333333333
0 0.4388888888888889 0.3472222222222222 0.022222222222222223 0.044444444444444446
0 0.46111111111111114 0.37777777777777777 0.05277777777777778 0.06944444444444445
0 0.7416666666666667 0.39166666666666666 0.022222222222222223 0.03888888888888889
0 0.9611111111111111 0.41944444444444445 0.06944444444444445 0.03333333333333333
0 0.6388888888888888 0.43333333333333335 0.044444444444444446 0.03333333333333333
0 0.9666666666666667 0.44722222222222224 0.058333333333333334 0.030555555555555555
0 0.775 0.4527777777777778 0.044444444444444446 0.03888888888888889
0 0.8055555555555556 0.45555555555555555 0.03611111111111111 0.03888888888888889
0 0.9875 0.46944444444444444 0.025 0.03888888888888889
0 0.6222222222222222 0.4777777777777778 0.027777777777777776 0.03611111111111111
0 0.6777777777777778 0.4861111111111111 0.03333333333333333 0.03333333333333333
0 0.725 0.4888888888888889 0.03333333333333333 0.041666666666666664
0 0.85 0.2638888888888889 0.2222222222222222 0.08888888888888889