0 0.9833333333333333 0.3 0.03333333333333333 0.08055555555555556
0 0.46111111111111114 0.3 0.041666666666666664 0.08333333333333333
0 0.5055555555555555 0.32222222222222224 0.06666666666666667 0.11944444444444445
0 0.7472222222222222 0.38055555555555554 0.019444444444444445 0.03888888888888889
0 0.6666666666666666 0.4388888888888889 0.06666666666666667 0.06666666666666667
0 0.7722222222222223 0.45 0.03333333333333333 0.041666666666666664
0 0.7388888888888889 0.45 0.030555555555555555 0.03611111111111111
0 0.85 0.4527777777777778 0.08611111111111111 0.058333333333333334
0 0.6388888888888888 0.46111111111111114 0.016666666666666666 0.041666666666666664
0 0.6555555555555556 0.46944444444444444 0.022222222222222223 0.030555555555555555
0 0.6472222222222223 0.4888888888888889 0.044444444444444446 0.027777777777777776