0 0.4388888888888889 0.35 0.07222222222222222 0.058333333333333334
0 0.4222222222222222 0.2972222222222222 0.05555555555555555 0.05555555555555555
0 0.4083333333333333 0.3611111111111111 0.09166666666666666 0.044444444444444446
0 0.9305555555555556 0.33611111111111114 0.12777777777777777 0.12777777777777777
0 0.9555555555555556 0.4388888888888889 0.075 0.03333333333333333
0 0.7277777777777777 0.44166666666666665 0.041666666666666664 0.044444444444444446
0 0.6055555555555555 0.41944444444444445 0.03333333333333333 0.041666666666666664
0 0.9805555555555555 0.40555555555555556 0.03888888888888889 0.03888888888888889
0 0.32222222222222224 0.39166666666666666 0.025 0.03333333333333333
0 0.7555555555555555 0.44722222222222224 0.05555555555555555 0.027777777777777776
0 0.4777777777777778 0.43333333333333335 0.041666666666666664 0.03611111111111111