0 0.975 0.2972222222222222 0.044444444444444446 0.08888888888888889
0 0.46111111111111114 0.30833333333333335 0.041666666666666664 0.05555555555555555
0 0.5166666666666667 0.32222222222222224 0.05277777777777778 0.11388888888888889
0 0.7472222222222222 0.38055555555555554 0.022222222222222223 0.03888888888888889
0 0.6694444444444444 0.4388888888888889 0.06666666666666667 0.075
0 0.7722222222222223 0.44722222222222224 0.03888888888888889 0.041666666666666664
0 0.8472222222222222 0.45555555555555555 0.075 0.058333333333333334
0 0.7388888888888889 0.45555555555555555 0.030555555555555555 0.03611111111111111
0 0.6361111111111111 0.4638888888888889 0.022222222222222223 0.041666666666666664
0 0.6583333333333333 0.46944444444444444 0.025 0.030555555555555555
0 0.65 0.49166666666666664 0.058333333333333334 0.03333333333333333