0 0.4027777777777778 0.3055555555555556 0.06944444444444445 0.05
0 0.9 0.34444444444444444 0.15 0.11666666666666667
0 0.39166666666666666 0.35555555555555557 0.05277777777777778 0.05277777777777778
0 0.37222222222222223 0.35833333333333334 0.06944444444444445 0.05555555555555555
0 0.32222222222222224 0.40555555555555556 0.019444444444444445 0.041666666666666664
0 0.9527777777777777 0.4083333333333333 0.08888888888888889 0.044444444444444446
0 0.5944444444444444 0.4222222222222222 0.025 0.041666666666666664
0 0.9333333333333333 0.44166666666666665 0.07777777777777778 0.03333333333333333
0 0.7083333333333334 0.4444444444444444 0.06666666666666667 0.03611111111111111
0 0.46944444444444444 0.4444444444444444 0.05 0.027777777777777776
0 0.7138888888888889 0.45 0.03333333333333333 0.041666666666666664