0 0.6277777777777778 0.3388888888888889 0.1527777777777778 0.08333333333333333
0 0.39166666666666666 0.34444444444444444 0.044444444444444446 0.03611111111111111
0 0.55 0.35833333333333334 0.044444444444444446 0.03333333333333333
0 0.65 0.39444444444444443 0.03333333333333333 0.044444444444444446
0 0.4861111111111111 0.4027777777777778 0.027777777777777776 0.030555555555555555
0 0.675 0.41388888888888886 0.016666666666666666 0.030555555555555555
0 0.8111111111111111 0.425 0.075 0.044444444444444446
0 0.8944444444444445 0.44166666666666665 0.09166666666666666 0.041666666666666664
0 0.8694444444444445 0.4444444444444444 0.1 0.03888888888888889
0 0.7833333333333333 0.4722222222222222 0.03611111111111111 0.03888888888888889
0 0.8166666666666667 0.4777777777777778 0.041666666666666664 0.03333333333333333
0 0.8777777777777778 0.48055555555555557 0.05277777777777778 0.027777777777777776
0 0.6166666666666667 0.5138888888888888 0.04722222222222222 0.03611111111111111
0 0.49166666666666664 0.25833333333333336 0.075 0.075