0 0.41944444444444445 0.3 0.030555555555555555 0.075
0 0.5972222222222222 0.325 0.03333333333333333 0.06666666666666667
0 0.7944444444444444 0.3277777777777778 0.20833333333333334 0.1
0 0.55 0.23333333333333334 0.06944444444444445 0.027777777777777776
0 0.6722222222222223 0.3861111111111111 0.03888888888888889 0.04722222222222222
0 0.5027777777777778 0.3972222222222222 0.019444444444444445 0.03888888888888889
0 0.875 0.42777777777777776 0.09166666666666666 0.06111111111111111
0 0.4722222222222222 0.42777777777777776 0.058333333333333334 0.05277777777777778
0 0.8166666666666667 0.44166666666666665 0.06111111111111111 0.03333333333333333
0 0.9416666666666667 0.45 0.10555555555555556 0.044444444444444446
0 0.6583333333333333 0.46111111111111114 0.08611111111111111 0.041666666666666664
0 0.8055555555555556 0.475 0.030555555555555555 0.03888888888888889
0 0.8555555555555555 0.4777777777777778 0.08055555555555556 0.041666666666666664
0 0.9055555555555556 0.48055555555555557 0.03888888888888889 0.027777777777777776
0 0.6638888888888889 0.5194444444444445 0.06111111111111111 0.03611111111111111