0 0.4166666666666667 0.3111111111111111 0.030555555555555555 0.06666666666666667
0 0.7416666666666667 0.3277777777777778 0.18055555555555555 0.10277777777777777
0 0.5888888888888889 0.33611111111111114 0.044444444444444446 0.05555555555555555
0 0.6722222222222223 0.39444444444444443 0.04722222222222222 0.044444444444444446
0 0.5 0.40555555555555556 0.027777777777777776 0.03611111111111111
0 0.5305555555555556 0.2388888888888889 0.075 0.03888888888888889
0 0.8694444444444445 0.42777777777777776 0.10277777777777777 0.058333333333333334
0 0.4777777777777778 0.4361111111111111 0.05277777777777778 0.041666666666666664
0 0.7944444444444444 0.4388888888888889 0.044444444444444446 0.03888888888888889
0 0.9361111111111111 0.45 0.10833333333333334 0.05
0 0.9333333333333333 0.4527777777777778 0.10555555555555556 0.04722222222222222
0 0.6555555555555556 0.4638888888888889 0.075 0.041666666666666664
0 0.85 0.48055555555555557 0.05555555555555555 0.03888888888888889
0 0.9 0.48055555555555557 0.04722222222222222 0.030555555555555555
0 0.8 0.48055555555555557 0.030555555555555555 0.03611111111111111
0 0.6555555555555556 0.5222222222222223 0.058333333333333334 0.03333333333333333