0 0.8833333333333333 0.32222222222222224 0.11944444444444445 0.09444444444444444
0 0.4444444444444444 0.3277777777777778 0.030555555555555555 0.06666666666666667
0 0.4777777777777778 0.35555555555555557 0.05 0.07777777777777778
0 0.7472222222222222 0.39166666666666666 0.025 0.044444444444444446
0 0.9805555555555555 0.42777777777777776 0.03611111111111111 0.030555555555555555
0 0.6555555555555556 0.4361111111111111 0.041666666666666664 0.03888888888888889
0 0.7916666666666666 0.45 0.041666666666666664 0.05
0 0.9805555555555555 0.4527777777777778 0.03888888888888889 0.030555555555555555
0 0.8083333333333333 0.4583333333333333 0.06111111111111111 0.05
0 0.7055555555555556 0.4777777777777778 0.05 0.044444444444444446
0 0.6333333333333333 0.4777777777777778 0.03611111111111111 0.03888888888888889
0 0.6194444444444445 0.49444444444444446 0.04722222222222222 0.03611111111111111
0 0.9361111111111111 0.25 0.12777777777777777 0.06111111111111111