0 0.4166666666666667 0.2916666666666667 0.044444444444444446 0.06111111111111111
0 0.9333333333333333 0.33611111111111114 0.13055555555555556 0.13055555555555556
0 0.4444444444444444 0.35 0.075 0.06111111111111111
0 0.42777777777777776 0.36666666666666664 0.11666666666666667 0.044444444444444446
0 0.3277777777777778 0.39444444444444443 0.030555555555555555 0.044444444444444446
0 0.9833333333333333 0.40555555555555556 0.03333333333333333 0.044444444444444446
0 0.6083333333333333 0.4166666666666667 0.03611111111111111 0.03611111111111111
0 0.9611111111111111 0.4388888888888889 0.06944444444444445 0.041666666666666664
0 0.4888888888888889 0.44166666666666665 0.041666666666666664 0.027777777777777776
0 0.725 0.4444444444444444 0.03333333333333333 0.03611111111111111
0 0.7583333333333333 0.45 0.05277777777777778 0.03333333333333333