0 0.4027777777777778 0.325 0.027777777777777776 0.05555555555555555
0 0.7083333333333334 0.3333333333333333 0.16666666666666666 0.1
0 0.5861111111111111 0.3416666666666667 0.05555555555555555 0.06388888888888888
0 0.675 0.3972222222222222 0.05555555555555555 0.05277777777777778
0 0.49722222222222223 0.40555555555555556 0.03333333333333333 0.025
0 0.8611111111111112 0.42777777777777776 0.10555555555555556 0.06111111111111111
0 0.48333333333333334 0.4388888888888889 0.05555555555555555 0.044444444444444446
0 0.7805555555555556 0.45 0.030555555555555555 0.03611111111111111
0 0.9166666666666666 0.4527777777777778 0.1111111111111111 0.05
0 0.9194444444444444 0.45555555555555555 0.10833333333333334 0.05
0 0.6583333333333333 0.4638888888888889 0.08055555555555556 0.05
0 0.9 0.4777777777777778 0.05 0.03611111111111111
0 0.8388888888888889 0.4777777777777778 0.05277777777777778 0.041666666666666664
0 0.5333333333333333 0.24444444444444444 0.07777777777777778 0.05
0 0.7944444444444444 0.48055555555555557 0.03333333333333333 0.030555555555555555
0 0.6444444444444445 0.5222222222222223 0.05277777777777778 0.030555555555555555