0 0.32222222222222224 0.4 0.019444444444444445 0.030555555555555555
0 0.41388888888888886 0.3 0.06388888888888888 0.05555555555555555
0 0.41944444444444445 0.3527777777777778 0.06388888888888888 0.05
0 0.39166666666666666 0.3611111111111111 0.09722222222222222 0.05
0 0.9166666666666666 0.34444444444444444 0.14166666666666666 0.11388888888888889
0 0.9694444444444444 0.40555555555555556 0.058333333333333334 0.044444444444444446
0 0.95 0.4444444444444444 0.08333333333333333 0.03888888888888889
0 0.7166666666666667 0.44722222222222224 0.044444444444444446 0.03888888888888889
0 0.7416666666666667 0.44166666666666665 0.04722222222222222 0.03333333333333333
0 0.6 0.4166666666666667 0.027777777777777776 0.03888888888888889
0 0.4722222222222222 0.42777777777777776 0.05555555555555555 0.041666666666666664