0 0.37777777777777777 0.2388888888888889 0.1 0.041666666666666664
0 0.7805555555555556 0.275 0.19166666666666668 0.10833333333333334
0 0.7944444444444444 0.35555555555555557 0.09444444444444444 0.075
0 0.9388888888888889 0.4222222222222222 0.07777777777777778 0.03611111111111111
0 0.95 0.44722222222222224 0.06666666666666667 0.03611111111111111
0 0.9777777777777777 0.4722222222222222 0.03888888888888889 0.03611111111111111
0 0.45 0.3611111111111111 0.04722222222222222 0.05555555555555555
0 0.4527777777777778 0.39444444444444443 0.027777777777777776 0.06666666666666667
0 0.6333333333333333 0.43333333333333335 0.04722222222222222 0.041666666666666664
0 0.7416666666666667 0.39166666666666666 0.025 0.04722222222222222
0 0.6666666666666666 0.4888888888888889 0.041666666666666664 0.03611111111111111
0 0.7694444444444445 0.4527777777777778 0.05 0.041666666666666664
0 0.7333333333333333 0.49722222222222223 0.025 0.03333333333333333
0 0.8194444444444444 0.45555555555555555 0.030555555555555555 0.03888888888888889