0 0.125 0.3611111111111111 0.03611111111111111 0.06666666666666667
0 0.8861111111111111 0.3972222222222222 0.03888888888888889 0.022222222222222223
0 0.7805555555555556 0.40555555555555556 0.022222222222222223 0.019444444444444445
0 0.22777777777777777 0.41944444444444445 0.022222222222222223 0.022222222222222223
0 0.725 0.4222222222222222 0.022222222222222223 0.013888888888888888
0 0.9027777777777778 0.4305555555555556 0.05 0.016666666666666666
0 0.25 0.4305555555555556 0.011111111111111112 0.022222222222222223
0 0.5861111111111111 0.43333333333333335 0.041666666666666664 0.019444444444444445
0 0.275 0.4444444444444444 0.022222222222222223 0.044444444444444446
0 0.11944444444444445 0.5083333333333333 0.025 0.027777777777777776
0 0.17777777777777778 0.5111111111111111 0.03888888888888889 0.025
0 0.15 0.5277777777777778 0.03611111111111111 0.019444444444444445
0 0.04722222222222222 0.5305555555555556 0.027777777777777776 0.030555555555555555
0 0.011111111111111112 0.5361111111111111 0.019444444444444445 0.03333333333333333
0 0.06944444444444445 0.5583333333333333 0.022222222222222223 0.019444444444444445