0 0.8805555555555555 0.37777777777777777 0.03333333333333333 0.027777777777777776
0 0.9611111111111111 0.3972222222222222 0.06388888888888888 0.016666666666666666
0 0.5305555555555556 0.41388888888888886 0.027777777777777776 0.022222222222222223
0 0.25 0.44166666666666665 0.027777777777777776 0.022222222222222223
0 0.3333333333333333 0.44722222222222224 0.019444444444444445 0.022222222222222223
0 0.43333333333333335 0.44722222222222224 0.030555555555555555 0.030555555555555555
0 0.7222222222222222 0.45 0.027777777777777776 0.019444444444444445
0 0.35 0.4527777777777778 0.025 0.03888888888888889
0 0.25 0.5194444444444445 0.05277777777777778 0.09444444444444444
0 0.013888888888888888 0.5333333333333333 0.025 0.030555555555555555
0 0.08611111111111111 0.5583333333333333 0.025 0.025