0 0.2972222222222222 0.30277777777777776 0.03888888888888889 0.025
0 0.425 0.3472222222222222 0.09166666666666666 0.05
0 0.7638888888888888 0.3527777777777778 0.008333333333333333 0.016666666666666666
0 0.7972222222222223 0.3638888888888889 0.016666666666666666 0.013888888888888888
0 0.2833333333333333 0.3638888888888889 0.019444444444444445 0.016666666666666666
0 0.6888888888888889 0.36944444444444446 0.013888888888888888 0.016666666666666666
0 0.4111111111111111 0.41388888888888886 0.025 0.016666666666666666
0 0.3416666666666667 0.4361111111111111 0.025 0.013888888888888888
0 0.35555555555555557 0.45 0.03888888888888889 0.016666666666666666
0 0.5111111111111111 0.4638888888888889 0.044444444444444446 0.022222222222222223
0 0.2777777777777778 0.5 0.041666666666666664 0.011111111111111112