0 0.8305555555555556 0.37777777777777777 0.027777777777777776 0.022222222222222223
0 0.6361111111111111 0.4 0.027777777777777776 0.016666666666666666
0 0.5444444444444444 0.42777777777777776 0.025 0.016666666666666666
0 0.2861111111111111 0.4388888888888889 0.025 0.019444444444444445
0 0.37777777777777777 0.45555555555555555 0.041666666666666664 0.019444444444444445
0 0.3055555555555556 0.4722222222222222 0.044444444444444446 0.03888888888888889
0 0.21944444444444444 0.475 0.03611111111111111 0.06111111111111111
0 0.15833333333333333 0.5194444444444445 0.025 0.016666666666666666
0 0.013888888888888888 0.5361111111111111 0.025 0.022222222222222223
0 0.08055555555555556 0.5388888888888889 0.025 0.019444444444444445
0 0.03333333333333333 0.5416666666666666 0.030555555555555555 0.019444444444444445