0 0.9166666666666666 0.39166666666666666 0.025 0.027777777777777776
0 0.475 0.4166666666666667 0.027777777777777776 0.022222222222222223
0 0.4444444444444444 0.43333333333333335 0.030555555555555555 0.011111111111111112
0 0.2222222222222222 0.44166666666666665 0.019444444444444445 0.022222222222222223
0 0.43333333333333335 0.4444444444444444 0.016666666666666666 0.019444444444444445
0 0.35 0.4444444444444444 0.022222222222222223 0.03888888888888889
0 0.3388888888888889 0.45 0.016666666666666666 0.019444444444444445
0 0.25555555555555554 0.46111111111111114 0.013888888888888888 0.019444444444444445
0 0.35833333333333334 0.49444444444444446 0.07222222222222222 0.027777777777777776
0 0.011111111111111112 0.5277777777777778 0.022222222222222223 0.022222222222222223
0 0.2361111111111111 0.5333333333333333 0.03888888888888889 0.06111111111111111
0 0.022222222222222223 0.5416666666666666 0.027777777777777776 0.019444444444444445
0 0.14722222222222223 0.5416666666666666 0.06944444444444445 0.022222222222222223