0 0.1527777777777778 0.36944444444444446 0.07777777777777778 0.06388888888888888
0 0.9388888888888889 0.37222222222222223 0.058333333333333334 0.022222222222222223
0 0.7666666666666667 0.4 0.022222222222222223 0.016666666666666666
0 0.6305555555555555 0.4305555555555556 0.04722222222222222 0.011111111111111112
0 0.8944444444444445 0.4444444444444444 0.030555555555555555 0.019444444444444445
0 0.2388888888888889 0.4444444444444444 0.022222222222222223 0.025
0 0.18333333333333332 0.45 0.025 0.016666666666666666
0 0.26944444444444443 0.45555555555555555 0.022222222222222223 0.030555555555555555
0 0.22777777777777777 0.49722222222222223 0.058333333333333334 0.019444444444444445
0 0.08888888888888889 0.5111111111111111 0.03888888888888889 0.022222222222222223
0 0.20555555555555555 0.5138888888888888 0.03888888888888889 0.019444444444444445