0 0.7638888888888888 0.36666666666666664 0.025 0.016666666666666666
0 0.6833333333333333 0.3972222222222222 0.022222222222222223 0.016666666666666666
0 0.19444444444444445 0.4305555555555556 0.030555555555555555 0.05555555555555555
0 0.8361111111111111 0.4444444444444444 0.044444444444444446 0.027777777777777776
0 0.7111111111111111 0.44722222222222224 0.04722222222222222 0.022222222222222223
0 0.21666666666666667 0.46111111111111114 0.027777777777777776 0.022222222222222223
0 0.7972222222222223 0.46944444444444444 0.044444444444444446 0.022222222222222223
0 0.34444444444444444 0.4861111111111111 0.030555555555555555 0.027777777777777776
0 0.22777777777777777 0.5 0.022222222222222223 0.013888888888888888
0 0.1388888888888889 0.5222222222222223 0.016666666666666666 0.016666666666666666
0 0.008333333333333333 0.5416666666666666 0.013888888888888888 0.025
0 0.044444444444444446 0.5527777777777778 0.05 0.019444444444444445