0 0.22777777777777777 0.3416666666666667 0.041666666666666664 0.04722222222222222
0 0.38055555555555554 0.35833333333333334 0.030555555555555555 0.05555555555555555
0 0.7583333333333333 0.36666666666666664 0.016666666666666666 0.016666666666666666
0 0.4666666666666667 0.38333333333333336 0.025 0.019444444444444445
0 0.8083333333333333 0.3972222222222222 0.016666666666666666 0.013888888888888888
0 0.49444444444444446 0.4111111111111111 0.05555555555555555 0.022222222222222223
0 0.33055555555555555 0.41944444444444445 0.025 0.016666666666666666
0 0.30277777777777776 0.43333333333333335 0.016666666666666666 0.013888888888888888
0 0.6666666666666666 0.4583333333333333 0.06944444444444445 0.025
0 0.3472222222222222 0.4888888888888889 0.041666666666666664 0.011111111111111112
0 0.013888888888888888 0.5555555555555556 0.025 0.027777777777777776