0 0.9305555555555556 0.39166666666666666 0.027777777777777776 0.025
0 0.44722222222222224 0.4166666666666667 0.025 0.022222222222222223
0 0.41388888888888886 0.43333333333333335 0.022222222222222223 0.011111111111111112
0 0.18888888888888888 0.4388888888888889 0.019444444444444445 0.019444444444444445
0 0.4388888888888889 0.44166666666666665 0.013888888888888888 0.022222222222222223
0 0.35 0.4444444444444444 0.025 0.030555555555555555
0 0.7277777777777777 0.45 0.022222222222222223 0.022222222222222223
0 0.24444444444444444 0.4527777777777778 0.019444444444444445 0.019444444444444445
0 0.2916666666666667 0.46944444444444444 0.058333333333333334 0.05277777777777778
0 0.32222222222222224 0.5027777777777778 0.06111111111111111 0.019444444444444445
0 0.21666666666666667 0.5222222222222223 0.05555555555555555 0.016666666666666666
0 0.016666666666666666 0.5277777777777778 0.03333333333333333 0.030555555555555555