0 0.9194444444444444 0.3888888888888889 0.027777777777777776 0.022222222222222223
0 0.475 0.41388888888888886 0.027777777777777776 0.022222222222222223
0 0.4444444444444444 0.43333333333333335 0.019444444444444445 0.016666666666666666
0 0.21666666666666667 0.4388888888888889 0.019444444444444445 0.019444444444444445
0 0.3527777777777778 0.44166666666666665 0.019444444444444445 0.03333333333333333
0 0.43333333333333335 0.44166666666666665 0.011111111111111112 0.022222222222222223
0 0.33055555555555555 0.45 0.025 0.027777777777777776
0 0.725 0.45 0.027777777777777776 0.025
0 0.25555555555555554 0.4583333333333333 0.008333333333333333 0.016666666666666666
0 0.35555555555555557 0.49444444444444446 0.06388888888888888 0.025
0 0.008333333333333333 0.5277777777777778 0.016666666666666666 0.019444444444444445
0 0.24166666666666667 0.5361111111111111 0.058333333333333334 0.06388888888888888
0 0.15555555555555556 0.5388888888888889 0.06388888888888888 0.019444444444444445
0 0.025 0.5416666666666666 0.022222222222222223 0.025