0 0.7361111111111112 0.39166666666666666 0.03611111111111111 0.016666666666666666
0 0.17777777777777778 0.40555555555555556 0.03888888888888889 0.058333333333333334
0 0.48333333333333334 0.42777777777777776 0.019444444444444445 0.013888888888888888
0 0.6666666666666666 0.4305555555555556 0.03333333333333333 0.022222222222222223
0 0.8444444444444444 0.4666666666666667 0.06388888888888888 0.025
0 0.1 0.48055555555555557 0.030555555555555555 0.019444444444444445
0 0.3194444444444444 0.48333333333333334 0.06111111111111111 0.025
0 0.21944444444444444 0.4888888888888889 0.011111111111111112 0.019444444444444445
0 0.14166666666666666 0.49444444444444446 0.025 0.027777777777777776
0 0.1638888888888889 0.49444444444444446 0.027777777777777776 0.027777777777777776
0 0.11944444444444445 0.5333333333333333 0.030555555555555555 0.016666666666666666