0 0.9722222222222222 0.3611111111111111 0.05 0.019444444444444445
0 0.17222222222222222 0.38333333333333336 0.07777777777777778 0.06111111111111111
0 0.75 0.4 0.027777777777777776 0.019444444444444445
0 0.6222222222222222 0.4111111111111111 0.019444444444444445 0.013888888888888888
0 0.6527777777777778 0.4305555555555556 0.03888888888888889 0.019444444444444445
0 0.8777777777777778 0.4583333333333333 0.058333333333333334 0.030555555555555555
0 0.22777777777777777 0.4666666666666667 0.019444444444444445 0.027777777777777776
0 0.14166666666666666 0.4666666666666667 0.030555555555555555 0.016666666666666666
0 0.12222222222222222 0.5055555555555555 0.041666666666666664 0.025
0 0.25 0.5083333333333333 0.041666666666666664 0.019444444444444445
0 0.1 0.5333333333333333 0.016666666666666666 0.016666666666666666