0 0.8944444444444445 0.38333333333333336 0.019444444444444445 0.030555555555555555
0 0.9777777777777777 0.4 0.044444444444444446 0.022222222222222223
0 0.5138888888888888 0.41388888888888886 0.030555555555555555 0.022222222222222223
0 0.3277777777777778 0.44722222222222224 0.011111111111111112 0.016666666666666666
0 0.35 0.44722222222222224 0.025 0.03888888888888889
0 0.43333333333333335 0.45 0.025 0.030555555555555555
0 0.725 0.4527777777777778 0.025 0.025
0 0.37222222222222223 0.48333333333333334 0.05555555555555555 0.019444444444444445
0 0.2388888888888889 0.5166666666666667 0.04722222222222222 0.09722222222222222
0 0.013888888888888888 0.5333333333333333 0.027777777777777776 0.030555555555555555
0 0.10555555555555556 0.5527777777777778 0.06666666666666667 0.03888888888888889