0 0.7916666666666666 0.36666666666666664 0.025 0.025
0 0.6777777777777778 0.3972222222222222 0.019444444444444445 0.019444444444444445
0 0.5666666666666667 0.4305555555555556 0.016666666666666666 0.019444444444444445
0 0.5083333333333333 0.4305555555555556 0.016666666666666666 0.013888888888888888
0 0.8694444444444445 0.4305555555555556 0.05555555555555555 0.022222222222222223
0 0.2 0.4444444444444444 0.025 0.058333333333333334
0 0.24444444444444444 0.4527777777777778 0.03333333333333333 0.016666666666666666
0 0.7305555555555555 0.45555555555555555 0.05 0.016666666666666666
0 0.3055555555555556 0.4666666666666667 0.03333333333333333 0.022222222222222223
0 0.7916666666666666 0.46944444444444444 0.03888888888888889 0.019444444444444445
0 0.36666666666666664 0.4722222222222222 0.022222222222222223 0.022222222222222223
0 0.2861111111111111 0.4888888888888889 0.022222222222222223 0.019444444444444445
0 0.23333333333333334 0.5 0.025 0.013888888888888888
0 0.14444444444444443 0.525 0.025 0.016666666666666666
0 0.008333333333333333 0.5416666666666666 0.013888888888888888 0.022222222222222223
0 0.06111111111111111 0.5444444444444444 0.05555555555555555 0.019444444444444445