0 0.11944444444444445 0.3611111111111111 0.03333333333333333 0.058333333333333334
0 0.7972222222222223 0.3972222222222222 0.022222222222222223 0.016666666666666666
0 0.25 0.4 0.019444444444444445 0.019444444444444445
0 0.85 0.4083333333333333 0.05277777777777778 0.022222222222222223
0 0.7777777777777778 0.4111111111111111 0.025 0.016666666666666666
0 0.2777777777777778 0.41944444444444445 0.025 0.03611111111111111
0 0.2611111111111111 0.42777777777777776 0.027777777777777776 0.011111111111111112
0 0.8777777777777778 0.44166666666666665 0.06111111111111111 0.03333333333333333
0 0.5555555555555556 0.4444444444444444 0.03611111111111111 0.016666666666666666
0 0.15 0.5111111111111111 0.030555555555555555 0.022222222222222223
0 0.041666666666666664 0.5305555555555556 0.019444444444444445 0.022222222222222223
0 0.019444444444444445 0.5444444444444444 0.03611111111111111 0.04722222222222222
0 0.09722222222222222 0.5583333333333333 0.041666666666666664 0.03333333333333333
0 0.05 0.5694444444444444 0.019444444444444445 0.016666666666666666