0 0.11944444444444445 0.3638888888888889 0.027777777777777776 0.058333333333333334
0 0.7944444444444444 0.4 0.027777777777777776 0.019444444444444445
0 0.24444444444444444 0.40555555555555556 0.025 0.025
0 0.7611111111111111 0.4111111111111111 0.025 0.016666666666666666
0 0.8555555555555555 0.4111111111111111 0.05 0.016666666666666666
0 0.2777777777777778 0.425 0.022222222222222223 0.041666666666666664
0 0.2638888888888889 0.425 0.025 0.019444444444444445
0 0.8805555555555555 0.4388888888888889 0.06111111111111111 0.030555555555555555
0 0.5638888888888889 0.44166666666666665 0.044444444444444446 0.013888888888888888
0 0.14444444444444443 0.5083333333333333 0.03333333333333333 0.016666666666666666
0 0.025 0.5388888888888889 0.041666666666666664 0.03333333333333333
0 0.1111111111111111 0.5472222222222223 0.03333333333333333 0.030555555555555555
0 0.05555555555555555 0.5666666666666667 0.025 0.022222222222222223