0 0.12222222222222222 0.3611111111111111 0.025 0.06111111111111111
0 0.7888888888888889 0.4 0.025 0.019444444444444445
0 0.8777777777777778 0.40555555555555556 0.03888888888888889 0.016666666666666666
0 0.2361111111111111 0.41388888888888886 0.022222222222222223 0.022222222222222223
0 0.7361111111111112 0.4166666666666667 0.025 0.016666666666666666
0 0.25277777777777777 0.42777777777777776 0.019444444444444445 0.013888888888888888
0 0.8888888888888888 0.43333333333333335 0.05 0.025
0 0.2722222222222222 0.43333333333333335 0.022222222222222223 0.041666666666666664
0 0.5777777777777777 0.4361111111111111 0.04722222222222222 0.011111111111111112
0 0.125 0.5055555555555555 0.027777777777777776 0.027777777777777776
0 0.17222222222222222 0.5166666666666667 0.044444444444444446 0.022222222222222223
0 0.03888888888888889 0.5333333333333333 0.025 0.03333333333333333
0 0.13333333333333333 0.5333333333333333 0.03333333333333333 0.022222222222222223
0 0.011111111111111112 0.5361111111111111 0.019444444444444445 0.025
0 0.06666666666666667 0.5611111111111111 0.03333333333333333 0.019444444444444445