0 0.7833333333333333 0.3611111111111111 0.013888888888888888 0.013888888888888888
0 0.21666666666666667 0.3611111111111111 0.025 0.04722222222222222
0 0.375 0.37777777777777777 0.025 0.041666666666666664
0 0.49722222222222223 0.39166666666666666 0.013888888888888888 0.019444444444444445
0 0.5333333333333333 0.3972222222222222 0.04722222222222222 0.019444444444444445
0 0.8333333333333334 0.4 0.016666666666666666 0.013888888888888888
0 0.30277777777777776 0.4222222222222222 0.011111111111111112 0.022222222222222223
0 0.3194444444444444 0.42777777777777776 0.013888888888888888 0.016666666666666666
0 0.7277777777777777 0.45555555555555555 0.058333333333333334 0.016666666666666666
0 0.38055555555555554 0.48055555555555557 0.03333333333333333 0.016666666666666666
0 0.044444444444444446 0.5388888888888889 0.03333333333333333 0.027777777777777776