0 0.22777777777777777 0.3388888888888889 0.05555555555555555 0.05
0 0.38055555555555554 0.35833333333333334 0.025 0.05555555555555555
0 0.75 0.36666666666666664 0.016666666666666666 0.013888888888888888
0 0.4444444444444444 0.37777777777777777 0.019444444444444445 0.016666666666666666
0 0.8055555555555556 0.4 0.016666666666666666 0.016666666666666666
0 0.4722222222222222 0.4111111111111111 0.05277777777777778 0.027777777777777776
0 0.3388888888888889 0.4166666666666667 0.019444444444444445 0.019444444444444445
0 0.3055555555555556 0.43333333333333335 0.011111111111111112 0.013888888888888888
0 0.6555555555555556 0.45555555555555555 0.07222222222222222 0.016666666666666666
0 0.34444444444444444 0.4888888888888889 0.030555555555555555 0.013888888888888888
0 0.011111111111111112 0.5611111111111111 0.016666666666666666 0.025