0 0.13055555555555556 0.3638888888888889 0.08333333333333333 0.06388888888888888
0 0.8055555555555556 0.3888888888888889 0.027777777777777776 0.013888888888888888
0 0.25833333333333336 0.39166666666666666 0.022222222222222223 0.016666666666666666
0 0.4638888888888889 0.4027777777777778 0.016666666666666666 0.011111111111111112
0 0.8222222222222222 0.4083333333333333 0.05555555555555555 0.025
0 0.28055555555555556 0.4222222222222222 0.041666666666666664 0.05
0 0.8611111111111112 0.4444444444444444 0.07222222222222222 0.03333333333333333
0 0.5416666666666666 0.45 0.041666666666666664 0.016666666666666666
0 0.16111111111111112 0.5083333333333333 0.022222222222222223 0.016666666666666666
0 0.041666666666666664 0.525 0.025 0.019444444444444445
0 0.016666666666666666 0.5416666666666666 0.016666666666666666 0.022222222222222223
0 0.013888888888888888 0.5555555555555556 0.022222222222222223 0.019444444444444445
0 0.075 0.5694444444444444 0.025 0.025
0 0.03611111111111111 0.5805555555555556 0.025 0.016666666666666666