0 0.8583333333333333 0.38055555555555554 0.027777777777777776 0.027777777777777776
0 0.5611111111111111 0.4027777777777778 0.025 0.019444444444444445
0 0.9 0.40555555555555556 0.05 0.027777777777777776
0 0.5055555555555555 0.4083333333333333 0.019444444444444445 0.011111111111111112
0 0.2861111111111111 0.4361111111111111 0.03333333333333333 0.027777777777777776
0 0.7333333333333333 0.44722222222222224 0.03611111111111111 0.022222222222222223
0 0.42777777777777776 0.45 0.03888888888888889 0.025
0 0.3611111111111111 0.4527777777777778 0.016666666666666666 0.016666666666666666
0 0.3388888888888889 0.46111111111111114 0.025 0.041666666666666664
0 0.23333333333333334 0.5277777777777778 0.05277777777777778 0.06944444444444445
0 0.011111111111111112 0.5361111111111111 0.019444444444444445 0.025
0 0.08888888888888889 0.5472222222222223 0.03611111111111111 0.027777777777777776