0 0.9805555555555555 0.39444444444444443 0.019444444444444445 0.025
0 0.4666666666666667 0.4083333333333333 0.025 0.013888888888888888
0 0.2722222222222222 0.425 0.05277777777777778 0.05
0 0.45555555555555555 0.42777777777777776 0.016666666666666666 0.027777777777777776
0 0.18055555555555555 0.4361111111111111 0.008333333333333333 0.016666666666666666
0 0.30277777777777776 0.46111111111111114 0.03333333333333333 0.025
0 0.6861111111111111 0.475 0.025 0.013888888888888888
0 0.2111111111111111 0.475 0.016666666666666666 0.027777777777777776
0 0.3472222222222222 0.48055555555555557 0.03611111111111111 0.030555555555555555
0 0.06666666666666667 0.525 0.019444444444444445 0.030555555555555555
0 0.2 0.5333333333333333 0.08888888888888889 0.030555555555555555
0 0.019444444444444445 0.5444444444444444 0.013888888888888888 0.016666666666666666