0 0.9888888888888889 0.36666666666666664 0.019444444444444445 0.019444444444444445
0 0.7111111111111111 0.39166666666666666 0.013888888888888888 0.025
0 0.7388888888888889 0.39444444444444443 0.025 0.016666666666666666
0 0.17777777777777778 0.4027777777777778 0.03888888888888889 0.058333333333333334
0 0.4777777777777778 0.425 0.011111111111111112 0.011111111111111112
0 0.6638888888888889 0.4305555555555556 0.03611111111111111 0.016666666666666666
0 0.8472222222222222 0.46111111111111114 0.044444444444444446 0.019444444444444445
0 0.1111111111111111 0.4777777777777778 0.025 0.013888888888888888
0 0.21944444444444444 0.48055555555555557 0.016666666666666666 0.013888888888888888
0 0.3111111111111111 0.48333333333333334 0.03611111111111111 0.019444444444444445
0 0.14166666666666666 0.49722222222222223 0.027777777777777776 0.019444444444444445
0 0.16111111111111112 0.49722222222222223 0.025 0.022222222222222223
0 0.1111111111111111 0.5361111111111111 0.019444444444444445 0.016666666666666666