0 0.19166666666666668 0.3638888888888889 0.06944444444444445 0.05
0 0.8055555555555556 0.38055555555555554 0.016666666666666666 0.016666666666666666
0 0.2611111111111111 0.39166666666666666 0.025 0.022222222222222223
0 0.48333333333333334 0.4 0.019444444444444445 0.019444444444444445
0 0.7611111111111111 0.4083333333333333 0.058333333333333334 0.025
0 0.8416666666666667 0.41388888888888886 0.027777777777777776 0.013888888888888888
0 0.28888888888888886 0.41944444444444445 0.03333333333333333 0.04722222222222222
0 0.3333333333333333 0.45 0.016666666666666666 0.011111111111111112
0 0.5194444444444445 0.4527777777777778 0.041666666666666664 0.016666666666666666
0 0.8472222222222222 0.4583333333333333 0.03888888888888889 0.03333333333333333
0 0.05 0.5027777777777778 0.011111111111111112 0.027777777777777776
0 0.16944444444444445 0.5083333333333333 0.016666666666666666 0.019444444444444445
0 0.016666666666666666 0.5416666666666666 0.016666666666666666 0.027777777777777776
0 0.044444444444444446 0.5916666666666667 0.041666666666666664 0.030555555555555555