0 0.8 0.3638888888888889 0.022222222222222223 0.022222222222222223
0 0.675 0.3972222222222222 0.022222222222222223 0.016666666666666666
0 0.5611111111111111 0.4305555555555556 0.019444444444444445 0.013888888888888888
0 0.2 0.4444444444444444 0.030555555555555555 0.06111111111111111
0 0.25833333333333336 0.44722222222222224 0.027777777777777776 0.019444444444444445
0 0.7416666666666667 0.4527777777777778 0.05 0.013888888888888888
0 0.32222222222222224 0.46111111111111114 0.03888888888888889 0.022222222222222223
0 0.37222222222222223 0.4666666666666667 0.016666666666666666 0.022222222222222223
0 0.2861111111111111 0.4861111111111111 0.016666666666666666 0.03333333333333333
0 0.23333333333333334 0.5 0.025 0.019444444444444445
0 0.14444444444444443 0.5222222222222223 0.025 0.025
0 0.06111111111111111 0.5416666666666666 0.05 0.016666666666666666
0 0.011111111111111112 0.5416666666666666 0.019444444444444445 0.030555555555555555