0 0.125 0.36666666666666664 0.030555555555555555 0.058333333333333334
0 0.8805555555555555 0.4 0.03611111111111111 0.022222222222222223
0 0.7861111111111111 0.4027777777777778 0.022222222222222223 0.019444444444444445
0 0.23055555555555557 0.4166666666666667 0.019444444444444445 0.022222222222222223
0 0.7305555555555555 0.41944444444444445 0.025 0.016666666666666666
0 0.25277777777777777 0.42777777777777776 0.016666666666666666 0.019444444444444445
0 0.9 0.4305555555555556 0.05277777777777778 0.025
0 0.275 0.4361111111111111 0.019444444444444445 0.04722222222222222
0 0.5805555555555556 0.4361111111111111 0.03888888888888889 0.016666666666666666
0 0.12222222222222222 0.5111111111111111 0.030555555555555555 0.019444444444444445
0 0.17222222222222222 0.5111111111111111 0.041666666666666664 0.022222222222222223
0 0.14444444444444443 0.5305555555555556 0.030555555555555555 0.025
0 0.044444444444444446 0.5333333333333333 0.03333333333333333 0.022222222222222223
0 0.011111111111111112 0.5388888888888889 0.019444444444444445 0.030555555555555555
0 0.06944444444444445 0.5555555555555556 0.03888888888888889 0.025