0 0.9166666666666666 0.3194444444444444 0.025 0.019444444444444445
0 0.5333333333333333 0.33055555555555555 0.019444444444444445 0.016666666666666666
0 0.6277777777777778 0.3388888888888889 0.025 0.016666666666666666
0 0.4444444444444444 0.36666666666666664 0.013888888888888888 0.008333333333333333
0 0.19722222222222222 0.4027777777777778 0.016666666666666666 0.016666666666666666
0 0.6861111111111111 0.42777777777777776 0.03611111111111111 0.016666666666666666
0 0.5388888888888889 0.43333333333333335 0.041666666666666664 0.03611111111111111
0 0.027777777777777776 0.4638888888888889 0.019444444444444445 0.019444444444444445
0 0.011111111111111112 0.4722222222222222 0.019444444444444445 0.03888888888888889
0 0.08611111111111111 0.4777777777777778 0.03333333333333333 0.022222222222222223
0 0.3611111111111111 0.5 0.04722222222222222 0.016666666666666666
0 0.09444444444444444 0.5361111111111111 0.030555555555555555 0.013888888888888888