0 0.7472222222222222 0.36944444444444446 0.019444444444444445 0.016666666666666666
0 0.6888888888888889 0.39444444444444443 0.025 0.019444444444444445
0 0.19444444444444445 0.42777777777777776 0.025 0.058333333333333334
0 0.7 0.4444444444444444 0.03888888888888889 0.022222222222222223
0 0.8277777777777777 0.45 0.05 0.027777777777777776
0 0.2 0.4722222222222222 0.030555555555555555 0.016666666666666666
0 0.8055555555555556 0.4722222222222222 0.04722222222222222 0.025
0 0.37777777777777777 0.4722222222222222 0.041666666666666664 0.019444444444444445
0 0.3277777777777778 0.49166666666666664 0.030555555555555555 0.027777777777777776
0 0.2222222222222222 0.49444444444444446 0.025 0.013888888888888888
0 0.03888888888888889 0.5 0.019444444444444445 0.013888888888888888
0 0.011111111111111112 0.5388888888888889 0.019444444444444445 0.041666666666666664
0 0.027777777777777776 0.5583333333333333 0.04722222222222222 0.025