0 0.8361111111111111 0.37777777777777777 0.025 0.027777777777777776
0 0.6277777777777778 0.4 0.025 0.019444444444444445
0 0.5388888888888889 0.42777777777777776 0.019444444444444445 0.016666666666666666
0 0.28888888888888886 0.4361111111111111 0.022222222222222223 0.025
0 0.8111111111111111 0.45 0.058333333333333334 0.019444444444444445
0 0.7638888888888888 0.46111111111111114 0.044444444444444446 0.025
0 0.35833333333333334 0.4722222222222222 0.03611111111111111 0.016666666666666666
0 0.30833333333333335 0.475 0.041666666666666664 0.041666666666666664
0 0.21944444444444444 0.48333333333333334 0.03333333333333333 0.058333333333333334
0 0.1638888888888889 0.5166666666666667 0.027777777777777776 0.022222222222222223
0 0.019444444444444445 0.5333333333333333 0.03611111111111111 0.027777777777777776
0 0.08333333333333333 0.5416666666666666 0.03333333333333333 0.022222222222222223