0 0.8416666666666667 0.37777777777777777 0.022222222222222223 0.019444444444444445
0 0.6111111111111112 0.4 0.025 0.019444444444444445
0 0.5277777777777778 0.4222222222222222 0.025 0.016666666666666666
0 0.28888888888888886 0.4361111111111111 0.011111111111111112 0.016666666666666666
0 0.8333333333333334 0.4388888888888889 0.044444444444444446 0.025
0 0.7472222222222222 0.4527777777777778 0.06111111111111111 0.022222222222222223
0 0.41388888888888886 0.45555555555555555 0.030555555555555555 0.03333333333333333
0 0.32222222222222224 0.46944444444444444 0.03611111111111111 0.03333333333333333
0 0.2222222222222222 0.5 0.027777777777777776 0.058333333333333334
0 0.175 0.5138888888888888 0.025 0.019444444444444445
0 0.016666666666666666 0.5333333333333333 0.027777777777777776 0.019444444444444445
0 0.08611111111111111 0.5444444444444444 0.03333333333333333 0.022222222222222223