0 0.7944444444444444 0.3638888888888889 0.019444444444444445 0.022222222222222223
0 0.6777777777777778 0.4 0.019444444444444445 0.019444444444444445
0 0.8777777777777778 0.4305555555555556 0.04722222222222222 0.025
0 0.5666666666666667 0.4305555555555556 0.019444444444444445 0.013888888888888888
0 0.2 0.4444444444444444 0.030555555555555555 0.05555555555555555
0 0.25277777777777777 0.45 0.030555555555555555 0.022222222222222223
0 0.7388888888888889 0.45555555555555555 0.04722222222222222 0.019444444444444445
0 0.31666666666666665 0.46111111111111114 0.03611111111111111 0.022222222222222223
0 0.36944444444444446 0.4666666666666667 0.025 0.016666666666666666
0 0.7916666666666666 0.46944444444444444 0.03611111111111111 0.022222222222222223
0 0.2833333333333333 0.4861111111111111 0.022222222222222223 0.030555555555555555
0 0.2361111111111111 0.5 0.022222222222222223 0.016666666666666666
0 0.14166666666666666 0.525 0.022222222222222223 0.016666666666666666
0 0.011111111111111112 0.5416666666666666 0.022222222222222223 0.016666666666666666
0 0.06388888888888888 0.5444444444444444 0.058333333333333334 0.016666666666666666