0 0.9222222222222223 0.39166666666666666 0.022222222222222223 0.019444444444444445
0 0.46944444444444444 0.41388888888888886 0.022222222222222223 0.016666666666666666
0 0.4361111111111111 0.4305555555555556 0.027777777777777776 0.016666666666666666
0 0.2111111111111111 0.4388888888888889 0.022222222222222223 0.019444444444444445
0 0.35 0.44166666666666665 0.019444444444444445 0.030555555555555555
0 0.43333333333333335 0.44166666666666665 0.019444444444444445 0.027777777777777776
0 0.7277777777777777 0.45 0.03333333333333333 0.025
0 0.33055555555555555 0.45 0.030555555555555555 0.019444444444444445
0 0.25277777777777777 0.46111111111111114 0.013888888888888888 0.016666666666666666
0 0.34444444444444444 0.49722222222222223 0.06666666666666667 0.022222222222222223
0 0.005555555555555556 0.5277777777777778 0.008333333333333333 0.027777777777777776
0 0.1638888888888889 0.5305555555555556 0.06111111111111111 0.016666666666666666
0 0.24166666666666667 0.5333333333333333 0.05277777777777778 0.06666666666666667
0 0.025 0.5361111111111111 0.016666666666666666 0.019444444444444445