0 0.7888888888888889 0.36666666666666664 0.025 0.025
0 0.6777777777777778 0.3972222222222222 0.022222222222222223 0.019444444444444445
0 0.5694444444444444 0.4305555555555556 0.019444444444444445 0.013888888888888888
0 0.5055555555555555 0.43333333333333335 0.013888888888888888 0.013888888888888888
0 0.19722222222222222 0.4361111111111111 0.027777777777777776 0.058333333333333334
0 0.8555555555555555 0.4361111111111111 0.06666666666666667 0.03333333333333333
0 0.725 0.4527777777777778 0.05 0.016666666666666666
0 0.2388888888888889 0.45555555555555555 0.03333333333333333 0.025
0 0.7916666666666666 0.4666666666666667 0.03888888888888889 0.022222222222222223
0 0.30277777777777776 0.4666666666666667 0.030555555555555555 0.025
0 0.3611111111111111 0.475 0.022222222222222223 0.025
0 0.23333333333333334 0.5 0.030555555555555555 0.013888888888888888
0 0.14166666666666666 0.5222222222222223 0.019444444444444445 0.016666666666666666
0 0.06111111111111111 0.5444444444444444 0.06111111111111111 0.025