0 0.2111111111111111 0.36944444444444446 0.06666666666666667 0.05
0 0.2638888888888889 0.39444444444444443 0.022222222222222223 0.016666666666666666
0 0.4888888888888889 0.4 0.016666666666666666 0.016666666666666666
0 0.75 0.40555555555555556 0.05555555555555555 0.022222222222222223
0 0.8472222222222222 0.4111111111111111 0.022222222222222223 0.013888888888888888
0 0.2861111111111111 0.41944444444444445 0.03888888888888889 0.05
0 0.3333333333333333 0.45 0.016666666666666666 0.011111111111111112
0 0.5111111111111111 0.4527777777777778 0.03888888888888889 0.011111111111111112
0 0.8444444444444444 0.4583333333333333 0.03333333333333333 0.022222222222222223
0 0.05 0.5 0.011111111111111112 0.022222222222222223
0 0.16666666666666666 0.5083333333333333 0.013888888888888888 0.019444444444444445
0 0.016666666666666666 0.5416666666666666 0.013888888888888888 0.025
0 0.03611111111111111 0.5972222222222222 0.03888888888888889 0.030555555555555555