0 0.8222222222222222 0.375 0.016666666666666666 0.022222222222222223
0 0.6472222222222223 0.3972222222222222 0.025 0.016666666666666666
0 0.5527777777777778 0.4305555555555556 0.022222222222222223 0.016666666666666666
0 0.28055555555555556 0.4388888888888889 0.030555555555555555 0.025
0 0.36666666666666664 0.45555555555555555 0.041666666666666664 0.022222222222222223
0 0.7777777777777778 0.4583333333333333 0.058333333333333334 0.013888888888888888
0 0.21666666666666667 0.4666666666666667 0.030555555555555555 0.058333333333333334
0 0.3 0.475 0.030555555555555555 0.03888888888888889
0 0.16111111111111112 0.5222222222222223 0.03611111111111111 0.019444444444444445
0 0.013888888888888888 0.5388888888888889 0.025 0.025
0 0.07777777777777778 0.5416666666666666 0.03888888888888889 0.022222222222222223