0 0.24166666666666667 0.44722222222222224 0.17222222222222222 0.05
0 0.3277777777777778 0.4666666666666667 0.07222222222222222 0.05
0 0.3611111111111111 0.45555555555555555 0.019444444444444445 0.03888888888888889
0 0.45 0.5027777777777778 0.04722222222222222 0.041666666666666664
0 0.48333333333333334 0.44166666666666665 0.07222222222222222 0.058333333333333334
0 0.6722222222222223 0.425 0.05 0.041666666666666664
0 0.6055555555555555 0.5027777777777778 0.03888888888888889 0.025
0 0.6861111111111111 0.5111111111111111 0.05 0.030555555555555555
0 0.8722222222222222 0.5166666666666667 0.05555555555555555 0.03611111111111111
0 0.825 0.525 0.03333333333333333 0.027777777777777776
0 0.5527777777777778 0.6138888888888889 0.06666666666666667 0.03333333333333333