0 0.15555555555555556 0.4527777777777778 0.19444444444444445 0.041666666666666664
0 0.25555555555555554 0.4388888888888889 0.10555555555555556 0.07222222222222222
0 0.475 0.4444444444444444 0.06666666666666667 0.05555555555555555
0 0.4666666666666667 0.49722222222222223 0.03611111111111111 0.041666666666666664
0 0.6611111111111111 0.41944444444444445 0.04722222222222222 0.03611111111111111
0 0.7166666666666667 0.525 0.058333333333333334 0.027777777777777776
0 0.8444444444444444 0.5333333333333333 0.08611111111111111 0.030555555555555555
0 0.5916666666666667 0.5027777777777778 0.03888888888888889 0.022222222222222223
0 0.5722222222222222 0.6166666666666667 0.07777777777777778 0.03333333333333333
0 0.35555555555555557 0.4527777777777778 0.025 0.030555555555555555
0 0.8277777777777777 0.525 0.027777777777777776 0.027777777777777776