0 0.05555555555555555 0.4444444444444444 0.1111111111111111 0.05277777777777778
0 0.15555555555555556 0.4222222222222222 0.11944444444444445 0.06666666666666667
0 0.41944444444444445 0.46944444444444444 0.06944444444444445 0.041666666666666664
0 0.49722222222222223 0.5 0.025 0.044444444444444446
0 0.6166666666666667 0.425 0.044444444444444446 0.030555555555555555
0 0.5444444444444444 0.5138888888888888 0.03611111111111111 0.022222222222222223
0 0.7583333333333333 0.525 0.09166666666666666 0.05
0 0.8083333333333333 0.575 0.09166666666666666 0.03888888888888889
0 0.85 0.6611111111111111 0.09166666666666666 0.03333333333333333
0 0.35833333333333334 0.44722222222222224 0.019444444444444445 0.022222222222222223
0 0.8 0.525 0.03888888888888889 0.025