0 0.325 0.4888888888888889 0.08055555555555556 0.027777777777777776
0 0.37777777777777777 0.5 0.03611111111111111 0.022222222222222223
0 0.4527777777777778 0.4583333333333333 0.10555555555555556 0.06666666666666667
0 0.5888888888888889 0.4777777777777778 0.17222222222222222 0.09166666666666666
0 0.575 0.5166666666666667 0.05 0.044444444444444446
0 0.5222222222222223 0.39444444444444443 0.03333333333333333 0.03333333333333333
0 0.7027777777777777 0.5333333333333333 0.03611111111111111 0.030555555555555555
0 0.7472222222222222 0.5361111111111111 0.05277777777777778 0.022222222222222223
0 0.7944444444444444 0.46944444444444444 0.08611111111111111 0.05
0 0.9722222222222222 0.5166666666666667 0.05277777777777778 0.041666666666666664
0 0.5083333333333333 0.6027777777777777 0.05 0.03611111111111111