0 0.1111111111111111 0.44166666666666665 0.09722222222222222 0.03611111111111111
0 0.5833333333333334 0.4777777777777778 0.06944444444444445 0.11666666666666667
0 0.4888888888888889 0.5333333333333333 0.04722222222222222 0.025
0 0.39444444444444443 0.5833333333333334 0.07222222222222222 0.025
0 0.6277777777777778 0.46111111111111114 0.06388888888888888 0.03888888888888889
0 0.8666666666666667 0.5833333333333334 0.14722222222222223 0.08055555555555556
0 0.9611111111111111 0.46111111111111114 0.058333333333333334 0.044444444444444446
0 0.8027777777777778 0.4888888888888889 0.016666666666666666 0.05
0 0.43333333333333335 0.5361111111111111 0.03333333333333333 0.04722222222222222
0 0.6472222222222223 0.5361111111111111 0.044444444444444446 0.025
0 0.9805555555555555 0.5611111111111111 0.03333333333333333 0.044444444444444446