0 0.12222222222222222 0.4361111111111111 0.09166666666666666 0.03333333333333333
0 0.4111111111111111 0.5833333333333334 0.08055555555555556 0.022222222222222223
0 0.49444444444444446 0.5333333333333333 0.058333333333333334 0.016666666666666666
0 0.4305555555555556 0.5361111111111111 0.044444444444444446 0.03888888888888889
0 0.5805555555555556 0.4583333333333333 0.07777777777777778 0.11944444444444445
0 0.625 0.46111111111111114 0.058333333333333334 0.041666666666666664
0 0.8527777777777777 0.5777777777777777 0.1527777777777778 0.08333333333333333
0 0.6527777777777778 0.5333333333333333 0.058333333333333334 0.027777777777777776
0 0.8055555555555556 0.49444444444444446 0.025 0.03888888888888889
0 0.9583333333333334 0.4527777777777778 0.06944444444444445 0.04722222222222222
0 0.9833333333333333 0.5638888888888889 0.03333333333333333 0.03888888888888889